 1501
 7.945
 7.937
 8.277
 8.479
 8.113
 7.801
 8.38
 8.615
 8.073
 7.974
 8.241
 8.599
 8.454
 8.474
 8.612
 8.351
 7.902
 8.026
 8.539
 8.41
 7.81
 8.436
 8.313
 7.957
 8.305
 8.467
 8.476
 8.43
 8.432
 8.459
 8.479
 8.489
 8.453
 8.458
 8.426
 8.367
 8.348
 8.373
 8.394
 8.399
 8.388
 8.362
 8.379
 8.348
 8.353
 8.369
 8.406
 8.415
 8.403
 8.391
 8.397
 8.388
 8.375
 8.347
 8.349
 8.388
 8.392
 8.385
 8.392
 8.404
 8.431
 8.456
 8.46
 8.47
 8.47
 8.469
 8.471
 8.472
 8.484
 8.478
 8.472
 8.461
 8.459
 8.459
 8.458
 8.462
 8.462
 8.47
 8.457
 8.453
 8.432
 8.386
 8.319
 8.217
 8.028
 7.843
 8.099
 8.553
 8.215
 7.884
 8.489
 8.273
 7.959
 8.329
 8.492
 8.123
 7.884
 7.88
 7.861
 8.177
 8.493
 8.298
 7.887
 8.541
 8.008
 8.172
 8.422
 7.767
 8.097
 8.375
 8.248
 8.237
 8.266
 8.279
 8.327
 8.364
 8.386
 8.381
 8.377
 8.403
 8.353
 8.338
 8.306
 8.307
 8.34
 8.356
 8.363
 8.371
 8.374
 8.379
 8.386
 8.401
 8.416
 8.426
 8.432
 8.431
 8.433
 8.435
 8.44
 8.438
 8.443
 8.442
 8.417
 8.408
 8.412
 8.463
 8.463
 8.472
 8.472
 8.473
 8.469
 8.467
 8.465
 8.462
 8.457
 8.452
 8.443
 8.429
 8.407
 8.408
 8.46
 8.464
 8.469
 8.471
 8.473
 8.473
 8.472
 8.468
 8.467
 8.467
 8.508
 8.469
 8.467
 8.461
 8.453
 8.44
 8.418
 8.387
 8.33
 8.198
 7.96
 8.007
 8.543
 8.315
 7.888
 8.516
 8.241
 8.057
 8.484
 8.167
 8.02
 8.01
 8.227
 8.099
 7.767
 8.276
 8.423
 8.142
 8.121
 8.604
 7.842
 8.587
 8.14
 7.9
 8.283
 8.442
 8.359
 8.325
 8.333
 8.358
 8.382
 8.384
 8.382
 8.386
 8.382
 8.385
 8.387
 8.388
 8.383
 8.38
 8.373
 8.373
 8.375
 8.375
 8.378
 8.383
 8.39
 8.399
 8.408
 8.413
 8.415
 8.415
 8.413
 8.41
 8.406
 8.405
 8.401
 8.399
 8.401
 8.406
 8.414
 8.417
 8.423
 8.427
 8.429
 8.43
 8.43
 8.45
 8.435
 8.435
 8.436
 8.439
 8.443
 8.445
 8.449
 8.454
 8.456
 8.459
 8.456
 8.454
 8.453
 8.447
 8.442
 8.438
 8.437
 8.435
 8.431
 8.423
 8.413
 8.403
 8.393
 8.39
 8.393
 8.406
 8.414
 8.43
 8.449
 8.47
 8.485
 8.486
 8.414
 8.145
 7.926
 8.409
 8.498
 7.927
 8.517
 8.313
 8.129
 8.412
 8.377
 8.191
 8.146
 8.228
 8.209
 8.091
 8.155
 8.432
 8.319
 8.045
 8.593
 7.948
 8.238
 8.528
 8.023
 7.966
 8.191
 8.274
 8.343
 8.385
 8.409
 8.429
 8.442
 8.418
 8.392
 8.387
 8.394
 8.404
 8.403
 8.396
 8.395
 8.403
 8.407
 8.401
 8.415
 8.412
 8.422
 8.42
 8.424
 8.431
 8.431
 8.427
 8.425
 8.421
 8.417
 8.418
 8.414
 8.415
 8.414
 8.412
 8.412
 8.412
 8.413
 8.415
 8.415
 8.412
 8.413
 8.417
 8.42
 8.446
 8.43
 8.43
 8.435
 8.432
 8.434
 8.433
 8.438
 8.438
 8.437
 8.436
 8.437
 8.437
 8.438
 8.439
 8.442
 8.442
 8.437
 8.44
 8.446
 8.442
 8.436
 8.439
 8.454
 8.457
 8.44
 8.471
 8.464
 8.454
 8.455
 8.436
 8.337
 8.177
 7.997
 8.495
 8.332
 8.034
 8.562
 8.191
 8.173
 8.538
 8.258
 8.132
 7.956
 7.937
 7.881
 8.258
 8.436
 8.313
 8.003
 8.65
 8.086
 8.238
 8.542
 7.843
 8.239
 8.465
 8.458
 8.403
 8.384
 8.373
 8.365
 8.355
 8.347
 8.345
 8.351
 8.356
 8.361
 8.365
 8.37
 8.377
 8.387
 8.414
 8.426
 8.429
 8.424
 8.422
 8.432
 8.443
 8.454
 8.458
 8.454
 8.448
 8.441
 8.439
 8.438
 8.44
 8.443
 8.448
 8.451
 8.452
 8.457
 8.462
 8.461
 8.461
 8.459
 8.461
 8.457
 8.456
 8.453
 8.451
 8.45
 8.447
 8.452
 8.449
 8.45
 8.456
 8.452
 8.451
 8.451
 8.451
 8.453
 8.455
 8.457
 8.456
 8.455
 8.453
 8.448
 8.442
 8.434
 8.426
 8.417
 8.413
 8.413
 8.417
 8.423
 8.43
 8.438
 8.453
 8.457
 8.485
 8.474
 8.482
 8.493
 8.465
 8.315
 8.037
 8.168
 8.621
 7.954
 8.282
 8.41
 8.057
 8.396
 8.433
 8.219
 8.068
 8.092
 8.099
 8.159
 8.386
 8.448
 8.123
 8.197
 8.578
 7.985
 8.37
 8.479
 7.929
 8.181
 8.398
 8.493
 8.485
 8.427
 8.404
 8.427
 8.465
 8.49
 8.488
 8.474
 8.459
 8.446
 8.441
 8.442
 8.449
 8.457
 8.462
 8.467
 8.47
 8.484
 8.478
 8.477
 8.471
 8.467
 8.467
 8.464
 8.461
 8.457
 8.455
 8.451
 8.449
 8.447
 8.448
 8.443
 8.44
 8.439
 8.438
 8.438
 8.442
 8.446
 8.45
 8.449
 8.443
 8.437
 8.435
 8.459
 8.432
 8.434
 8.46
 8.433
 8.426
 8.421
 8.413
 8.407
 8.402
 8.4
 8.407
 8.409
 8.406
 8.405
 8.407
 8.408
 8.411
 8.411
 8.41
 8.41
 8.41
 8.402
 8.396
 8.391
 8.382
 8.387
 8.377
 8.34
 8.205
 7.959
 8.157
 8.532
 8.068
 8.21
 8.488
 8.054
 8.05
 8.476
 8.301
 8.146
 8.198
 8.222
 8.396
 8.502
 8.11
 8.165
 8.675
 7.786
 8.644
 8.073
 8.011
 8.393
 8.469
 8.487
 8.487
 8.466
 8.454
 8.468
 8.473
 8.473
 8.477
 8.482
 8.486
 8.492
 8.498
 8.504
 8.504
 8.5
 8.495
 8.489
 8.484
 8.478
 8.47
 8.464
 8.458
 8.445
 8.445
 8.442
 8.454
 8.442
 8.437
 8.433
 8.43
 8.427
 8.425
 8.423
 8.423
 8.424
 8.427
 8.429
 8.432
 8.434
 8.434
 8.435
 8.436
 8.437
 8.436
 8.437
 8.439
 8.441
 8.444
 8.455
 8.455
 8.455
 8.45
 8.456
 8.45
 8.448
 8.445
 8.442
 8.438
 8.434
 8.431
 8.428
 8.427
 8.424
 8.426
 8.433
 8.435
 8.435
 8.438
 8.441
 8.446
 8.449
 8.452
 8.458
 8.464
 8.472
 8.461
 8.418
 8.127
 7.868
 8.431
 8.41
 8.002
 8.605
 8.102
 8.074
 8.52
 8.312
 8.176
 8.154
 8.117
 8.143
 8.297
 8.492
 8.095
 8.349
 8.388
 7.948
 8.643
 8.133
 7.906
 8.113
 8.344
 8.423
 8.466
 8.47
 8.462
 8.45
 8.452
 8.461
 8.466
 8.46
 8.449
 8.44
 8.439
 8.437
 8.435
 8.441
 8.442
 8.446
 8.449
 8.453
 8.454
 8.46
 8.467
 8.474
 8.486
 8.487
 8.519
 8.496
 8.491
 8.485
 8.488
 8.483
 8.48
 8.477
 8.477
 8.477
 8.474
 8.474
 8.474
 8.475
 8.474
 8.476
 8.475
 8.476
 8.476
 8.476
 8.477
 8.476
 8.475
 8.473
 8.499
 8.469
 8.469
 8.499
 8.477
 8.476
 8.478
 8.476
 8.475
 8.476
 8.476
 8.476
 8.478
 8.48
 8.48
 8.482
 8.484
 8.488
 8.487
 8.486
 8.486
 8.485
 8.482
 8.441
 8.244
 7.879
 8.332
 8.541
 7.908
 8.495
 8.29
 8.05
 8.516
 8.294
 8.158
 8.133
 8.214
 8.179
 8.205
 8.415
 8.387
 8.121
 8.34
 8.367
 7.987
 8.642
 8.147
 7.926
 8.284
 8.456
 8.432
 8.422
 8.387
 8.388
 8.412
 8.379
 8.373
 8.367
 8.36
 8.357
 8.357
 8.359
 8.363
 8.368
 8.375
 8.382
 8.39
 8.399
 8.408
 8.416
 8.418
 8.418
 8.415
 8.413
 8.396
 8.387
 8.379
 8.38
 8.385
 8.4
 8.402
 8.409
 8.417
 8.426
 8.428
 8.425
 8.446
 8.458
 8.467
 8.468
 8.475
 8.482
 8.472
 8.454
 8.449
 8.456
 8.462
 8.469
 8.474
 8.47
 8.456
 8.452
 8.483
 8.497
 8.494
 8.486
 8.49
 8.495
 8.495
 8.491
 8.486
 8.482
 8.482
 8.48
 8.474
 8.473
 8.476
 8.486
 8.493
 8.478
 8.362
 8.109
 7.899
 8.167
 8.643
 8.106
 8.075
 8.589
 8.181
 8.124
 8.379
 8.315
 8.295
 8.278
 8.226
 8.309
 8.357
 8.201
 8.154
 8.521
 8.084
 8.197
 8.443
 7.945
 8.309
 8.527
 8.418
 8.4
 8.434
 8.468
 8.487
 8.495
 8.492
 8.483
 8.464
 8.456
 8.451
 8.45
 8.443
 8.439
 8.429
 8.426
 8.43
 8.433
 8.436
 8.442
 8.45
 8.459
 8.466
 8.469
 8.467
 8.462
 8.459
 8.458
 8.461
 8.464
 8.469
 8.475
 8.479
 8.48
 8.469
 8.496
 8.458
 8.454
 8.454
 8.456
 8.457
 8.457
 8.455
 8.455
 8.454
 8.451
 8.444
 8.44
 8.448
 8.455
 8.459
 8.459
 8.46
 8.467
 8.472
 8.476
 8.48
 8.487
 8.493
 8.494
 8.499
 8.502
 8.497
 8.472
 8.464
 8.468
 8.481
 8.494
 8.506
 8.515
 8.518
 8.518
 8.512
 8.511
 8.502
 8.495
 8.497
 8.495
 8.485
 8.468
 8.452
 8.4
 8.228
 7.942
 7.962
 8.573
 8.342
 7.917
 8.554
 8.232
 8.025
 8.448
 8.472
 8.328
 8.025
 8.108
 8.108
 8.219
 8.499
 8.432
 7.942
 8.368
 8.458
 7.944
 8.569
 7.972
 8.171
 8.465
 8.461
 8.425
 8.426
 8.375
 8.372
 8.409
 8.39
 8.395
 8.392
 8.393
 8.399
 8.407
 8.417
 8.419
 8.419
 8.417
 8.411
 8.407
 8.404
 8.403
 8.4
 8.396
 8.393
 8.389
 8.387
 8.385
 8.384
 8.389
 8.383
 8.38
 8.381
 8.373
 8.36
 8.352
 8.349
 8.346
 8.35
 8.348
 8.349
 8.354
 8.356
 8.359
 8.361
 8.365
 8.369
 8.374
 8.381
 8.383
 8.39
 8.399
 8.404
 8.407
 8.414
 8.444
 8.419
 8.426
 8.454
 8.436
 8.437
 8.443
 8.445
 8.448
 8.452
 8.457
 8.466
 8.469
 8.462
 8.432
 8.345
 8.066
 7.867
 8.428
 8.544
 7.932
 8.498
 8.164
 8.114
 8.527
 8.08
 8.204
 8.281
 8.397
 8.402
 8.133
 8.142
 8.413
 8.33
 8.059
 8.579
 7.813
 8.638
 7.983
 8.087
 8.369
 8.307
 8.338
 8.386
 8.411
 8.429
 8.445
 8.471
 8.475
 8.467
 8.471
 8.488
 8.491
 8.487
 8.487
 8.489
 8.491
 8.504
 8.497
 8.473
 8.449
 8.438
 8.432
 8.426
 8.421
 8.417
 8.414
 8.416
 8.422
 8.427
 8.435
 8.432
 8.424
 8.416
 8.403
 8.395
 8.387
 8.393
 8.397
 8.421
 8.387
 8.377
 8.371
 8.368
 8.366
 8.364
 8.368
 8.365
 8.363
 8.37
 8.365
 8.363
 8.363
 8.366
 8.371
 8.379
 8.385
 8.385
 8.387
 8.39
 8.399
 8.426
 8.445
 8.449
 8.445
 8.432
 8.427
 8.425
 8.432
 8.435
 8.438
 8.437
 8.438
 8.439
 8.444
 8.445
 8.43
 8.364
 8.213
 7.945
 8.054
 8.657
 8.027
 8.119
 8.479
 7.951
 8.214
 8.383
 8.223
 8.073
 8.181
 8.147
 8.158
 8.308
 8.178
 8.259
 8.243
 8.021
 8.583
 7.915
 8.152
 8.529
 8.406
 8.26
 8.243
 8.249
 8.258
 8.263
 8.261
 8.263
 8.262
 8.259
 8.261
 8.268
 8.288
 8.295
 8.302
 8.315
 8.314
 8.315
 8.311
 8.305
 8.3
 8.295
 8.29
 8.297
 8.306
 8.312
 8.32
 8.325
 8.331
 8.337
 8.337
 8.345
 8.351
 8.354
 8.355
 8.354
 8.355
 8.366
 8.367
 8.405
 8.393
 8.411
 8.415
 8.42
 8.424
 8.446
 8.45
 8.456
 8.461
 8.466
 8.469
 8.471
 8.474
 8.474
 8.473
 8.472
 8.468
 8.462
 8.452
 8.443
 8.448
 8.443
 8.437
 8.463
 8.439
 8.437
 8.459
 8.434
 8.434
 8.428
 8.439
 8.448
 8.447
 8.442
 8.427
 8.35
 8.146
 7.851
 8.188
 8.615
 7.94
 8.398
 8.375
 8.042
 8.518
 8.306
 8.15
 8.121
 8.148
 8.189
 8.195
 8.18
 8.499
 8.279
 8.138
 8.631
 7.807
 8.553
 8.207
 8.021
 8.306
 8.278
 8.315
 8.331
 8.334
 8.344
 8.353
 8.359
 8.362
 8.361
 8.359
 8.354
 8.345
 8.344
 8.369
 8.352
 8.349
 8.374
 8.347
 8.329
 8.318
 8.312
 8.311
 8.313
 8.317
 8.317
 8.318
 8.316
 8.319
 8.324
 8.322
 8.319
 8.306
 8.301
 8.308
 8.305
 8.303
 8.298
 8.297
 8.298
 8.306
 8.314
 8.327
 8.332
 8.334
 8.338
 8.338
 8.339
 8.339
 8.34
 8.344
 8.343
 8.344
 8.338
 8.335
 8.327
 8.323
 8.316
 8.342
 8.334
 8.338
 8.3
 8.298
 8.29
 8.3
 8.301
 8.296
 8.292
 8.291
 8.298
 8.298
 8.3
 8.302
 8.284
 8.224
 8.095
 7.89
 8.252
 8.62
 7.893
 8.19
 8.437
 7.931
 8.145
 8.335
 8.306
 8.062
 8.085
 8.051
 8.034
 8.404
 8.353
 7.826
 8.521
 8.016
 8.154
 8.388
 7.808
 8.309
 8.388
 8.284
 8.263
 8.264
 8.254
 8.26
 8.258
 8.25
 8.246
 8.248
 8.248
 8.248
 8.255
 8.237
 8.234
 8.232
 8.23
 8.239
 8.261
 8.238
 8.242
 8.251
 8.249
 8.294
 8.305
 8.311
 8.315
 8.312
 8.312
 8.301
 8.299
 8.308
 8.304
 8.305
 8.31
 8.314
 8.33
 8.34
 8.335
 8.332
 8.337
 8.355
 8.344
 8.348
 8.347
 8.386
 8.353
 8.352
 8.356
 8.355
 8.35
 8.355
 8.361
 8.363
 8.365
 8.364
 8.365
 8.377
 8.382
 8.385
 8.384
 8.386
 8.39
 8.393
 8.396
 8.399
 8.403
 8.405
 8.405
 8.42
 8.429
 8.452
 8.473
 8.462
 8.349
 8.036
 7.97
 8.61
 8.013
 8.178
 8.461
 8.003
 8.431
 8.277
 8.063
 8.074
 8.084
 8.067
 8.15
 8.445
 8.181
 8.075
 8.574
 7.76
