 8.442
 8.01
 8.083
 8.166
 8.276
 8.295
 8.388
 8.408
 8.38
 8.282
 8.358
 8.485
 8.257
 8.146
 8.257
 8.158
 8.24
 8.296
 8.366
 8.287
 8.215
 8.144
 8.269
 8.376
 8.164
 8.039
 8.193
 8.2
 8.085
 8.177
 8.269
 8.324
 8.204
 8.181
 8.222
 8.246
 8.156
 8.299
 8.7
 8.724
 8.499
 8.38
 8.376
 8.288
 8.193
 8.115
 8.001
 7.872
 7.742
 7.612
 7.501
 7.414
 7.332
 7.243
 7.148
 7.013
 6.801
 6.52
 6.196
 5.835
 5.584
 5.422
 5.344
 5.291
 5.256
 5.214
 5.216
 5.342
 5.669
 6.398
 7.244
 7.842
 8.118
 8.101
 7.989
 7.995
 8.046
 7.946
 7.925
 7.998
 8.071
 8.116
 8.122
 8.137
 8.278
 8.451
 8.538
 8.567
 8.491
 8.356
 8.304
 8.313
 8.327
 8.326
 8.289
 8.243
 8.25
 8.291
 8.309
 8.292
 8.296
 8.293
 8.265
 8.262
 8.267
 8.277
 8.315
 8.334
 8.348
 8.34
 8.32
 8.259
 8.258
 8.308
 8.311
 8.301
 8.312
 8.321
 8.286
 8.244
 8.216
 8.202
 8.198
 8.202
 8.208
 8.211
 8.211
 8.208
 8.203
 8.204
 8.214
 8.209
 8.176
 8.179
 8.194
 8.184
 8.16
 8.143
 8.142
 8.153
 8.16
 8.169
 8.171
 8.168
 8.169
 8.169
 8.146
 8.124
 8.112
 8.102
 8.108
 8.128
 8.159
 8.175
 8.178
 8.171
 8.155
 8.146
 8.139
 8.168
 8.122
 8.129
 8.112
 8.101
 8.091
 8.081
 8.094
 8.098
 8.074
 8.092
 8.116
 8.126
 8.144
 8.116
 8.095
 8.092
 8.099
 8.115
 8.119
 8.113
 8.117
 8.122
 8.122
 8.139
 8.136
 8.148
 8.156
 8.164
 8.162
 8.148
 8.121
 8.11
 8.1
 8.093
 8.088
 8.062
 8.103
 8.118
 8.131
 8.164
 8.184
 8.19
 8.191
 8.18
 8.158
 8.136
 8.127
 8.121
 8.128
 8.133
 8.127
 8.134
 8.131
 8.128
 8.129
 8.115
 8.086
 8.115
 8.131
 8.146
 8.144
 8.143
 8.157
 8.159
 8.171
 8.177
 8.177
 8.176
 8.174
 8.17
 8.153
 8.145
 8.158
 8.169
 8.159
 8.154
 8.154
 8.169
 8.132
 8.13
 8.115
 8.113
 8.11
 8.093
 8.086
 8.068
 8.052
 8.07
 8.094
 8.096
 8.092
 8.095
 8.097
 8.096
 8.097
 8.093
 8.11
 8.107
 8.102
 8.111
 8.105
 8.084
 8.115
 8.1
 8.121
 8.114
 8.114
 8.129
 8.09
 8.097
 8.143
 8.154
 8.131
 8.134
 8.17
 8.203
 8.212
 8.203
 8.209
 8.225
 8.243
 8.254
 8.268
 8.272
 8.281
 8.295
 8.34
 8.29
 8.282
 8.284
 8.279
 8.284
 8.291
 8.277
 8.284
 8.296
 8.28
 8.269
 8.245
 8.234
 8.225
 8.22
 8.208
 8.201
 8.216
 8.187
 8.195
 8.19
 8.184
 8.179
 8.189
 8.198
 8.199
 8.206
 8.197
 8.187
 8.181
 8.183
 8.186
 8.2
 8.207
 8.223
 8.232
 8.229
 8.231
 8.231
 8.231
 8.224
 8.221
 8.217
 8.2
 8.182
 8.22
 8.22
 8.212
 8.175
 8.192
 8.181
 8.189
 8.197
 8.198
 8.198
 8.205
 8.22
 8.216
 8.254
 8.251
 8.258
 8.257
 8.253
 8.245
 8.237
 8.231
 8.201
 8.223
 8.219
 8.214
 8.207
 8.208
 8.189
 8.18
 8.173
 8.211
 8.156
 8.152
 8.16
 8.152
 8.122
 8.132
 8.135
 8.161
 8.192
 8.217
 8.258
 8.231
 8.187
 8.245
 8.262
 8.275
 8.297
 8.298
 8.32
 8.329
 8.319
 8.287
 8.284
 8.3
 8.313
 8.325
 8.329
 8.313
 8.3
 8.277
 8.258
 8.251
 8.244
 8.241
 8.238
 8.227
 8.227
 8.235
 8.231
 8.246
 8.266
 8.282
 8.307
 8.322
 8.331
 8.331
 8.339
 8.342
 8.331
 8.345
 8.381
 8.332
 8.323
 8.327
 8.322
 8.352
 8.367
 8.366
 8.36
 8.357
 8.35
 8.344
 8.339
 8.328
 8.322
 8.315
 8.318
 8.331
 8.348
 8.363
 8.376
 8.362
 8.335
 8.365
 8.36
 8.385
 8.354
 8.341
 8.289
 8.435
 8.387
 8.465
 8.217
 8.367
 8.273
 8.298
 8.422
 8.457
 8.447
 8.441
 8.446
 8.442
 8.41
 8.427
 8.445
 8.489
 8.522
 8.511
 8.464
 8.32
 8.255
 8.327
 8.125
 8.333
 8.21
 8.298
 8.361
 8.355
 8.451
 8.437
 8.519
 8.442
 8.461
 8.479
 8.435
 8.335
 8.258
 8.361
 8.505
 8.278
 8.01
 7.997
 8.032
 8.023
 8.111
 8.167
 8.167
 8.175
 8.177
 8.235
 8.268
 8.229
 8.163
 8.13
 8.117
 8.065
 7.945
 7.937
 8.277
 8.479
 8.113
 7.801
 8.38
 8.615
 8.073
 7.974
 8.241
 8.599
 8.454
 8.474
 8.612
 8.351
 7.902
 8.026
 8.539
 8.41
 7.81
 8.436
 8.313
 7.957
 8.305
 8.467
 8.476
 8.43
 8.432
 8.459
 8.479
 8.489
 8.453
 8.458
 8.426
 8.367
 8.348
 8.373
 8.394
 8.399
 8.388
 8.362
 8.379
 8.348
 8.353
 8.369
 8.406
 8.415
 8.403
 8.391
 8.397
 8.388
 8.375
 8.347
 8.349
 8.388
 8.392
 8.385
 8.392
 8.404
 8.431
 8.456
 8.46
 8.47
 8.47
 8.469
 8.471
 8.472
 8.484
 8.478
 8.472
 8.461
 8.459
 8.459
 8.458
 8.462
 8.462
 8.47
 8.457
 8.453
 8.432
 8.386
 8.319
 8.217
 8.028
 7.843
 8.099
 8.553
 8.215
 7.884
 8.489
 8.273
 7.959
 8.329
 8.492
 8.123
 7.884
 7.88
 7.861
 8.177
 8.493
 8.298
 7.887
 8.541
 8.008
 8.172
 8.422
 7.767
 8.097
 8.375
 8.248
 8.237
 8.266
 8.279
 8.327
 8.364
 8.386
 8.381
 8.377
 8.403
 8.353
 8.338
 8.306
 8.307
 8.34
 8.356
 8.363
 8.371
 8.374
 8.379
 8.386
 8.401
 8.416
 8.426
 8.432
 8.431
 8.433
 8.435
 8.44
 8.438
 8.443
 8.442
 8.417
 8.408
 8.412
 8.463
 8.463
 8.472
 8.472
 8.473
 8.469
 8.467
 8.465
 8.462
 8.457
 8.452
 8.443
 8.429
 8.407
 8.408
 8.46
 8.464
 8.469
 8.471
 8.473
 8.473
 8.472
 8.468
 8.467
 8.467
 8.508
 8.469
 8.467
 8.461
 8.453
 8.44
 8.418
 8.387
 8.33
 8.198
 7.96
 8.007
 8.543
 8.315
 7.888
 8.516
 8.241
 8.057
 8.484
 8.167
 8.02
 8.01
 8.227
 8.099
 7.767
 8.276
 8.423
 8.142
 8.121
 8.604
 7.842
 8.587
 8.14
 7.9
 8.283
 8.442
 8.359
 8.325
 8.333
 8.358
 8.382
 8.384
 8.382
 8.386
 8.382
 8.385
 8.387
 8.388
 8.383
 8.38
 8.373
 8.373
 8.375
 8.375
 8.378
 8.383
 8.39
 8.399
 8.408
 8.413
 8.415
 8.415
 8.413
 8.41
 8.406
 8.405
 8.401
 8.399
 8.401
 8.406
 8.414
 8.417
 8.423
 8.427
 8.429
 8.43
 8.43
 8.45
 8.435
 8.435
 8.436
 8.439
 8.443
 8.445
 8.449
 8.454
 8.456
 8.459
 8.456
 8.454
 8.453
 8.447
 8.442
 8.438
 8.437
 8.435
 8.431
 8.423
 8.413
 8.403
 8.393
 8.39
 8.393
 8.406
 8.414
 8.43
 8.449
 8.47
 8.485
 8.486
 8.414
 8.145
 7.926
 8.409
 8.498
 7.927
 8.517
 8.313
 8.129
 8.412
 8.377
 8.191
 8.146
 8.228
 8.209
 8.091
 8.155
 8.432
 8.319
 8.045
 8.593
 7.948
 8.238
 8.528
 8.023
 7.966
 8.191
 8.274
 8.343
 8.385
 8.409
 8.429
 8.442
 8.418
 8.392
 8.387
 8.394
 8.404
 8.403
 8.396
 8.395
 8.403
 8.407
 8.401
 8.415
 8.412
 8.422
 8.42
 8.424
 8.431
 8.431
 8.427
 8.425
 8.421
 8.417
 8.418
 8.414
 8.415
 8.414
 8.412
 8.412
 8.412
 8.413
 8.415
 8.415
 8.412
 8.413
 8.417
 8.42
 8.446
 8.43
 8.43
 8.435
 8.432
 8.434
 8.433
 8.438
 8.438
 8.437
 8.436
 8.437
 8.437
 8.438
 8.439
 8.442
 8.442
 8.437
 8.44
 8.446
 8.442
 8.436
 8.439
 8.454
 8.457
 8.44
 8.471
 8.464
 8.454
 8.455
 8.436
 8.337
 8.177
 7.997
 8.495
 8.332
 8.034
 8.562
 8.191
 8.173
 8.538
 8.258
 8.132
 7.956
 7.937
 7.881
 8.258
 8.436
 8.313
 8.003
 8.65
 8.086
 8.238
 8.542
 7.843
 8.239
 8.465
 8.458
 8.403
 8.384
 8.373
 8.365
 8.355
 8.347
 8.345
 8.351
 8.356
 8.361
 8.365
 8.37
 8.377
 8.387
 8.414
 8.426
 8.429
 8.424
 8.422
 8.432
 8.443
 8.454
 8.458
 8.454
 8.448
 8.441
 8.439
 8.438
 8.44
 8.443
 8.448
 8.451
 8.452
 8.457
 8.462
 8.461
 8.461
 8.459
 8.461
 8.457
 8.456
 8.453
 8.451
 8.45
 8.447
 8.452
 8.449
 8.45
 8.456
 8.452
 8.451
 8.451
 8.451
 8.453
 8.455
 8.457
 8.456
 8.455
 8.453
 8.448
 8.442
 8.434
 8.426
 8.417
 8.413
 8.413
 8.417
 8.423
 8.43
 8.438
 8.453
 8.457
 8.485
 8.474
 8.482
 8.493
 8.465
 8.315
 8.037
 8.168
 8.621
 7.954
 8.282
 8.41
 8.057
 8.396
 8.433
 8.219
 8.068
 8.092
 8.099
 8.159
 8.386
 8.448
 8.123
 8.197
 8.578
 7.985
 8.37
 8.479
 7.929
 8.181
 8.398
 8.493
 8.485
 8.427
 8.404
 8.427
 8.465
 8.49
 8.488
 8.474
 8.459
 8.446
 8.441
 8.442
 8.449
 8.457
 8.462
 8.467
 8.47
 8.484
 8.478
 8.477
 8.471
 8.467
 8.467
 8.464
 8.461
 8.457
 8.455
 8.451
 8.449
 8.447
 8.448
 8.443
 8.44
 8.439
 8.438
 8.438
 8.442
 8.446
 8.45
 8.449
 8.443
 8.437
 8.435
 8.459
 8.432
 8.434
 8.46
 8.433
 8.426
 8.421
 8.413
 8.407
 8.402
 8.4
 8.407
 8.409
 8.406
 8.405
 8.407
 8.408
 8.411
 8.411
 8.41
 8.41
 8.41
 8.402
 8.396
 8.391
 8.382
 8.387
 8.377
 8.34
 8.205
 7.959
 8.157
 8.532
 8.068
 8.21
 8.488
 8.054
 8.05
 8.476
 8.301
 8.146
 8.198
 8.222
 8.396
 8.502
 8.11
 8.165
 8.675
 7.786
 8.644
 8.073
 8.011
 8.393
 8.469
 8.487
 8.487
 8.466
 8.454
 8.468
 8.473
 8.473
 8.477
 8.482
 8.486
 8.492
 8.498
 8.504
 8.504
 8.5
 8.495
 8.489
 8.484
 8.478
 8.47
 8.464
 8.458
 8.445
 8.445
 8.442
 8.454
 8.442
 8.437
 8.433
 8.43
 8.427
 8.425
 8.423
 8.423
 8.424
 8.427
 8.429
 8.432
 8.434
 8.434
 8.435
 8.436
 8.437
 8.436
 8.437
 8.439
 8.441
 8.444
 8.455
 8.455
 8.455
 8.45
 8.456
 8.45
 8.448
 8.445
 8.442
 8.438
 8.434
 8.431
 8.428
 8.427
 8.424
 8.426
 8.433
 8.435
 8.435
 8.438
 8.441
 8.446
 8.449
 8.452
 8.458
 8.464
 8.472
 8.461
 8.418
 8.127
 7.868
 8.431
 8.41
 8.002
 8.605
 8.102
 8.074
 8.52
 8.312
 8.176
 8.154
 8.117
 8.143
 8.297
 8.492
 8.095
 8.349
 8.388
 7.948
 8.643
 8.133
 7.906
 8.113
 8.344
 8.423
 8.466
 8.47
 8.462
 8.45
 8.452
 8.461
 8.466
 8.46
 8.449
 8.44
 8.439
 8.437
 8.435
 8.441
 8.442
 8.446
 8.449
 8.453
 8.454
 8.46
 8.467
 8.474
 8.486
 8.487
 8.519
 8.496
 8.491
 8.485
 8.488
 8.483
 8.48
 8.477
 8.477
 8.477
 8.474
 8.474
 8.474
 8.475
 8.474
 8.476
 8.475
 8.476
 8.476
 8.476
 8.477
 8.476
 8.475
 8.473
 8.499
 8.469
 8.469
 8.499
 8.477
 8.476
 8.478
 8.476
 8.475
 8.476
 8.476
 8.476
 8.478
 8.48
 8.48
 8.482
 8.484
 8.488
 8.487
 8.486
 8.486
 8.485
 8.482
 8.441
 8.244
 7.879
 8.332
 8.541
 7.908
 8.495
 8.29
 8.05
 8.516
 8.294
 8.158
 8.133
 8.214
 8.179
 8.205
 8.415
 8.387
 8.121
 8.34
 8.367
 7.987
 8.642
 8.147
 7.926
 8.284
 8.456
 8.432
 8.422
 8.387
 8.388
 8.412
 8.379
 8.373
 8.367
 8.36
 8.357
 8.357
 8.359
 8.363
 8.368
 8.375
 8.382
 8.39
 8.399
 8.408
 8.416
 8.418
 8.418
 8.415
 8.413
 8.396
 8.387
 8.379
 8.38
 8.385
 8.4
 8.402
 8.409
 8.417
 8.426
 8.428
 8.425
 8.446
 8.458
 8.467
 8.468
 8.475
 8.482
 8.472
 8.454
 8.449
 8.456
 8.462
 8.469
 8.474
 8.47
 8.456
 8.452
 8.483
 8.497
 8.494
 8.486
 8.49
 8.495
 8.495
 8.491
 8.486
 8.482
 8.482
 8.48
 8.474
 8.473
 8.476
 8.486
 8.493
 8.478
 8.362
 8.109
 7.899
 8.167
 8.643
 8.106
 8.075
 8.589
 8.181
 8.124
 8.379
 8.315
 8.295
 8.278
 8.226
 8.309
 8.357
 8.201
 8.154
 8.521
 8.084
 8.197
 8.443
 7.945
 8.309
 8.527
 8.418
 8.4
 8.434
 8.468
 8.487
 8.495
 8.492
 8.483
 8.464
 8.456
 8.451
 8.45
 8.443
 8.439
 8.429
 8.426
 8.43
 8.433
 8.436
 8.442
 8.45
 8.459
 8.466
 8.469
 8.467
 8.462
 8.459
 8.458
 8.461
 8.464
 8.469
 8.475
 8.479
 8.48
 8.469
 8.496
 8.458
 8.454
 8.454
 8.456
 8.457
 8.457
 8.455
 8.455
 8.454
 8.451
 8.444
 8.44
 8.448
 8.455
 8.459
 8.459
 8.46
 8.467
 8.472
 8.476
 8.48
 8.487
 8.493
 8.494
 8.499
 8.502
 8.497
 8.472
 8.464
 8.468
 8.481
 8.494
 8.506
 8.515
 8.518
 8.518
 8.512
 8.511
 8.502
 8.495
 8.497
 8.495
 8.485
 8.468
 8.452
 8.4
 8.228
 7.942
 7.962
 8.573
 8.342
 7.917
 8.554
 8.232
 8.025
 8.448
 8.472
 8.328
 8.025
 8.108
 8.108
 8.219
 8.499
 8.432
 7.942
 8.368
 8.458
 7.944
 8.569
 7.972
 8.171
 8.465
 8.461
 8.425
 8.426
 8.375
 8.372
 8.409
 8.39
 8.395
 8.392
 8.393
 8.399
 8.407
 8.417
 8.419
 8.419
 8.417
 8.411
 8.407
 8.404
 8.403
 8.4
 8.396
 8.393
 8.389
 8.387
 8.385
 8.384
 8.389
 8.383
 8.38
 8.381
 8.373
 8.36
 8.352
 8.349
 8.346
 8.35
 8.348
 8.349
 8.354
 8.356
 8.359
 8.361
 8.365
 8.369
 8.374
 8.381
 8.383
 8.39
 8.399
 8.404
 8.407
 8.414
 8.444
 8.419
 8.426
 8.454
 8.436
 8.437
 8.443
 8.445
 8.448
 8.452
 8.457
 8.466
 8.469
 8.462
 8.432
 8.345
 8.066
 7.867
 8.428
 8.544
 7.932
 8.498
 8.164
 8.114
 8.527
 8.08
 8.204
 8.281
 8.397
 8.402
 8.133
 8.142
 8.413
 8.33
 8.059
 8.579
 7.813
 8.638
 7.983
 8.087
 8.369
 8.307
 8.338
 8.386
 8.411
 8.429
 8.445
 8.471
 8.475
 8.467
 8.471
 8.488
 8.491
 8.487
 8.487
 8.489
 8.491
 8.504
 8.497
 8.473
 8.449
 8.438
 8.432
 8.426
 8.421
 8.417
 8.414
 8.416
 8.422
 8.427
 8.435
 8.432
 8.424
 8.416
 8.403
 8.395
 8.387
 8.393
 8.397
 8.421
 8.387
 8.377
 8.371
 8.368
 8.366
 8.364
 8.368
 8.365
 8.363
 8.37
 8.365
 8.363
 8.363
 8.366
 8.371
 8.379
 8.385
 8.385
 8.387
 8.39
 8.399
 8.426
 8.445
 8.449
 8.445
 8.432
 8.427
 8.425
 8.432
 8.435
 8.438
 8.437
 8.438
 8.439
 8.444
 8.445
 8.43
 8.364
 8.213
 7.945
 8.054
 8.657
 8.027
 8.119
 8.479
 7.951
 8.214
 8.383
 8.223
 8.073
 8.181
 8.147
 8.158
 8.308
 8.178
 8.259
 8.243
 8.021
 8.583
 7.915
 8.152
 8.529
 8.406
 8.26
 8.243
 8.249
 8.258
 8.263
 8.261
 8.263
 8.262
 8.259
 8.261
 8.268
 8.288
 8.295
 8.302
 8.315
 8.314
 8.315
 8.311
 8.305
 8.3
 8.295
 8.29
 8.297
 8.306
 8.312
 8.32
 8.325
 8.331
 8.337
 8.337
 8.345
 8.351
 8.354
 8.355
 8.354
 8.355
 8.366
 8.367
 8.405
 8.393
 8.411
 8.415
 8.42
 8.424
 8.446
 8.45
 8.456
 8.461
 8.466
 8.469
 8.471
 8.474
 8.474
 8.473
 8.472
 8.468
 8.462
 8.452
 8.443
 8.448
 8.443
 8.437
 8.463
 8.439
 8.437
 8.459
 8.434
 8.434
 8.428
 8.439
 8.448
 8.447
 8.442
 8.427
 8.35
 8.146
 7.851
 8.188
 8.615
 7.94
 8.398
 8.375
 8.042
 8.518
 8.306
 8.15
 8.121
 8.148
 8.189
 8.195
 8.18
 8.499
 8.279
 8.138
 8.631
 7.807
 8.553
 8.207
 8.021
 8.306
 8.278
 8.315
 8.331
 8.334
 8.344
 8.353
 8.359
 8.362
 8.361
 8.359
 8.354
 8.345
 8.344
 8.369
 8.352
 8.349
 8.374
 8.347
 8.329
 8.318
 8.312
 8.311
 8.313
 8.317
 8.317
 8.318
 8.316
 8.319
 8.324
 8.322
 8.319
 8.306
 8.301
 8.308
 8.305
 8.303
 8.298
 8.297
 8.298
 8.306
 8.314
 8.327
 8.332
 8.334
 8.338
 8.338
 8.339
 8.339
 8.34
 8.344
 8.343
 8.344
 8.338
 8.335
 8.327
 8.323
 8.316
 8.342
 8.334
 8.338
 8.3
 8.298
 8.29
 8.3
 8.301
 8.296
 8.292
 8.291
 8.298
 8.298
 8.3
 8.302
 8.284
 8.224
 8.095
 7.89
 8.252
 8.62
 7.893
 8.19
 8.437
 7.931
 8.145
 8.335
 8.306
 8.062
 8.085
 8.051
 8.034
 8.404
 8.353
 7.826
 8.521
 8.016
 8.154
 8.388
 7.808
 8.309
 8.388
 8.284
 8.263
 8.264
 8.254
 8.26
 8.258
 8.25
 8.246
 8.248
 8.248
 8.248
 8.255
 8.237
 8.234
 8.232
 8.23
 8.239
 8.261
 8.238
 8.242
 8.251
 8.249
 8.294
 8.305
 8.311
 8.315
 8.312
 8.312
 8.301
 8.299
 8.308
 8.304
 8.305
 8.31
 8.314
 8.33
 8.34
 8.335
 8.332
 8.337
 8.355
 8.344
 8.348
 8.347
 8.386
 8.353
 8.352
 8.356
 8.355
 8.35
 8.355
 8.361
 8.363
 8.365
 8.364
 8.365
 8.377
 8.382
 8.385
 8.384
 8.386
 8.39
 8.393
 8.396
 8.399
 8.403
 8.405
 8.405
 8.42
 8.429
 8.452
 8.473
 8.462
 8.349
 8.036
 7.97
 8.61
 8.013
 8.178
 8.461
 8.003
 8.431
 8.277
 8.063
 8.074
 8.084
 8.067
 8.15
 8.445
 8.181
 8.075
 8.574
 7.76
 8.389
 8.347
 7.818
 8.204
 8.396
 8.38
 8.33
 8.348
 8.37
 8.388
 8.392
 8.389
 8.383
 8.379
 8.375
 8.368
 8.364
 8.355
 8.339
 8.315
 8.313
 8.314
 8.317
 8.311
 8.347
 8.343
 8.363
 8.352
 8.375
 8.43
 8.419
 8.396
 8.374
 8.397
 8.409
 8.393
 8.409
 8.41
 8.376
 8.408
 8.406
 8.402
 8.396
 8.379
 8.393
 8.405
 8.411
 8.408
 8.402
 8.399
 8.405
 8.42
 8.402
 8.404
 8.41
 8.409
 8.417
 8.421
 8.42
 8.417
 8.415
 8.42
 8.421
 8.413
 8.413
 8.414
 8.421
 8.417
 8.413
 8.413
 8.412
 8.412
 8.41
 8.409
 8.403
 8.407
 8.412
 8.443
 8.423
 8.418
 8.412
 8.304
 8.068
 7.934
 8.533
 8.163
 8.072
 8.585
 8.065
 8.203
 8.513
 8.325
 8.231
 8.11
 8.151
 8.373
 8.449
 8.142
 8.05
 8.649
 7.866
 8.146
 8.576
 7.975
 7.805
 7.978
 8.082
 8.235
 8.38
 8.45
 8.473
 8.488
 8.476
 8.447
 8.44
 8.412
 8.376
 8.36
 8.396
 8.4
 8.405
 8.413
 8.421
 8.425
 8.435
 8.437
 8.446
 8.444
 8.459
 8.471
 8.475
 8.474
 8.475
 8.469
 8.463
 8.458
 8.459
 8.45
 8.449
 8.444
 8.446
 8.435
 8.417
 8.418
 8.394
 8.393
 8.398
 8.395
 8.429
 8.435
 8.435
 8.428
 8.43
 8.413
 8.416
 8.42
 8.43
 8.415
 8.426
 8.436
 8.425
 8.414
 8.419
 8.444
 8.444
 8.437
 8.448
 8.448
 8.448
 8.45
 8.456
 8.453
 8.419
 8.435
 8.445
 8.435
 8.369
 8.137
 7.804
 8.275
 8.542
 7.836
 8.305
 8.362
 7.907
 8.283
 8.365
 8.24
 8.085
 8.06
 8.08
 8.212
 8.373
 8.233
 8.043
 8.348
 8.329
 7.885
 8.439
 8.103
 7.861
 8.288
 8.299
 8.237
 8.275
 8.337
 8.377
 8.441
 8.403
 8.368
 8.346
 8.342
 8.368
 8.368
 8.386
 8.397
 8.398
 8.401
 8.404
 8.406
 8.408
 8.41
 8.411
 8.414
 8.415
 8.411
 8.406
 8.402
 8.391
 8.39
 8.381
 8.385
 8.396
 8.396
 8.401
 8.396
 8.402
 8.406
 8.406
 8.404
 8.4
 8.399
 8.383
 8.386
 8.4
 8.424
 8.421
 8.409
 8.412
 8.43
 8.419
 8.385
 8.362
 8.372
 8.393
 8.4
 8.424
 8.407
 8.423
 8.404
 8.404
 8.408
 8.412
 8.417
 8.436
 8.436
 8.441
 8.438
 8.429
 8.423
 8.415
 8.394
 8.386
 8.382
 8.385
 8.386
 8.397
 8.385
 8.354
 8.278
 8.117
 7.863
 7.97
 8.562
 8.273
 7.858
 8.46
 8.227
 7.977
 8.39
 8.367
 8.254
 8.08
 8.023
 8.108
 8.318
 8.476
 7.943
 8.139
 8.399
 7.734
 8.588
 8.147
 7.847
 8.313
 8.4
 8.328
 8.291
 8.285
 8.295
 8.322
 8.331
 8.34
 8.342
 8.337
 8.353
 8.35
 8.352
 8.343
 8.335
 8.327
 8.323
 8.291
 8.303
 8.305
 8.306
 8.306
 8.311
 8.32
 8.319
 8.314
 8.317
 8.34
 8.363
 8.345
 8.35
 8.381
 8.363
 8.363
 8.359
 8.359
 8.356
 8.357
 8.365
 8.365
 8.363
 8.361
 8.355
 8.353
 8.349
 8.349
 8.337
 8.329
 8.327
 8.319
 8.319
 8.34
 8.368
 8.372
 8.378
 8.386
 8.397
 8.394
 8.397
 8.399
 8.396
 8.405
 8.393
 8.384
 8.367
 8.381
 8.372
 8.359
 8.365
 8.373
 8.4
 8.418
 8.421
 8.413
 8.36
 8.182
 7.853
 8.186
 8.506
 7.866
 8.383
 8.274
 7.99
 8.407
 8.365
 8.158
 8.062
 8.029
 8.068
 8.185
 8.335
 8.312
 7.921
 8.589
 7.951
 8.059
 8.588
 7.903
 7.92
 8.24
 8.323
 8.339
 8.37
 8.371
 8.394
 8.389
 8.376
 8.39
 8.389
 8.385
 8.375
 8.366
 8.364
 8.365
 8.36
 8.352
 8.35
 8.344
 8.337
 8.326
 8.299
 8.285
 8.259
 8.25
 8.251
 8.26
 8.286
 8.277
 8.245
 8.238
 8.246
 8.25
 8.262
 8.252
 8.321
 8.322
 8.322
 8.315
 8.313
 8.316
 8.317
 8.316
 8.322
 8.327
 8.33
 8.342
 8.338
 8.332
 8.318
 8.309
 8.309
 8.335
 8.36
 8.361
 8.345
 8.318
 8.354
 8.368
 8.408
 8.384
 8.382
 8.383
 8.378
 8.375
 8.374
 8.376
 8.376
 8.379
 8.379
 8.384
 8.389
 8.397
 8.396
 8.391
 8.381
 8.38
 8.383
 8.389
 8.391
 8.378
 8.339
 8.184
 7.833
 8.138
 8.578
 7.892
 8.294
 8.437
 7.958
 8.37
 8.447
 8.211
 8.112
 8.141
 8.172
 8.354
 8.445
 8.109
 8.126
 8.606
 7.811
 8.395
 8.311
 7.737
 8.079
 8.292
 8.32
 8.246
 8.242
 8.326
 8.34
 8.366
 8.38
 8.389
 8.385
 8.382
 8.393
 8.393
 8.365
 8.343
 8.33
 8.332
 8.328
 8.317
 8.318
 8.357
 8.389
 8.379
 8.354
 8.341
 8.321
 8.335
 8.349
 8.391
 8.367
 8.353
 8.365
 8.356
 8.363
 8.392
 8.393
 8.395
 8.397
 8.393
 8.388
 8.391
 8.39
 8.368
 8.348
 8.333
 8.326
 8.357
 8.378
 8.391
 8.393
 8.39
 8.385
 8.38
 8.389
 8.385
 8.396
 8.397
 8.403
 8.404
 8.394
 8.382
 8.4
 8.383
 8.402
 8.414
 8.41
 8.434
 8.438
 8.42
 8.349
 8.185
 7.907
 7.98
 8.569
 8.011
 7.95
 8.563
 8.036
 8.152
 8.508
 8.2
 8.004
 8.251
 8.084
 8.068
 8.141
 8.061
 8.5
 8.214
 8.012
 8.535
 7.864
 8.352
 8.416
 7.761
 7.998
 8.265
 8.363
 8.365
 8.355
 8.346
 8.33
 8.287
 8.257
 8.292
 8.313
 8.308
 8.313
 8.306
 8.3
 8.302
 8.291
 8.29
 8.263
 8.27
 8.271
 8.293
 8.3
 8.307
 8.321
 8.329
 8.328
 8.331
 8.335
 8.339
 8.348
 8.344
 8.345
 8.341
 8.344
 8.352
 8.337
 8.331
 8.333
 8.358
 8.344
 8.309
 8.305
 8.321
 8.314
 8.32
 8.335
 8.331
 8.324
 8.325
 8.323
 8.322
 8.329
 8.325
 8.323
 8.325
 8.328
 8.315
 8.305
 8.304
 8.295
 8.303
 8.302
 8.31
 8.298
 8.293
 8.29
 8.292
 8.291
 8.29
 8.284
 8.28
 8.274
 8.257
 8.204
 8.107
 7.953
 7.949
 8.556
 8.066
 8.015
 8.517
 7.948
 8.28
 8.205
 7.899
 8.099
 8.328
 8.394
 8.432
 8.233
 8.173
 8.01
 8.41
 7.879
 8.519
 7.893
 8.115
 8.56
 7.881
 7.941
 8.24
 8.251
 8.284
 8.287
 8.342
 8.424
 8.459
 8.454
 8.453
 8.455
 8.452
 8.457
 8.446
 8.473
 8.414
 8.394
 8.351
 8.331
 8.311
 8.298
 8.345
 8.343
 8.336
 8.33
 8.32
 8.31
 8.304
 8.301
 8.283
 8.278
 8.275
 8.286
 8.284
 8.304
 8.295
 8.275
 8.266
 8.268
 8.271
 8.264
 8.286
 8.265
 8.258
 8.247
 8.228
 8.282
 8.296
 8.307
 8.319
 8.324
 8.322
 8.315
 8.313
 8.312
 8.307
 8.302
 8.263
 8.294
 8.31
 8.311
 8.32
 8.347
 8.354
 8.36
 8.396
 8.373
 8.373
 8.381
 8.388
 8.4
 8.417
 8.425
 8.419
 8.367
 8.124
 7.808
 8.258
 8.516
 7.904
 8.244
 8.467
 7.906
 8.208
 8.434
 8.203
 8.163
 8.055
 8.132
 8.436
 8.334
 8.031
 8.165
 8.578
 7.782
 8.212
 8.49
 7.862
 8.027
 8.303
 8.394
 8.417
 8.413
 8.366
 8.286
 8.197
 8.095
 7.945
 7.863
 7.847
 7.849
 7.852
 7.863
 7.865
 7.877
 7.881
 7.92
 7.989
 8.091
 8.175
 8.215
 8.225
 8.229
 8.252
 8.276
 8.293
 8.312
 8.329
 8.34
 8.346
 8.344
 8.344
 8.346
 8.341
 8.339
 8.339
 8.337
 8.332
 8.329
 8.324
 8.344
 8.321
 8.319
 8.346
 8.327
 8.324
 8.323
 8.315
 8.318
 8.318
 8.332
 8.334
 8.331
 8.323
 8.325
 8.324
 8.324
 8.309
 8.318
 8.324
 8.318
 8.303
 8.292
 8.303
 8.306
 8.277
 8.277
 8.304
 8.316
 8.309
 8.306
 8.307
 8.305
 8.303
 8.303
 8.302
 8.306
 8.314
 8.312
 8.323
 8.321
 8.309
 8.284
 8.195
 7.935
 7.899
 8.464
 8.461
 7.83
 8.228
 8.496
 8.016
 8.258
 8.427
 8.195
 8.21
 8.205
 8.217
 8.186
 8.473
 8.262
 7.907
 8.477
 8.218
 8.013
 8.517
 7.826
 8.258
 8.47
 8.423
 8.399
 8.444
 8.459
 8.438
 8.424
 8.403
 8.373
 8.375
 8.375
 8.371
 8.384
 8.381
 8.395
 8.399
 8.402
 8.401
 8.401
 8.395
 8.391
 8.379
 8.378
 8.391
 8.39
 8.392
 8.393
 8.396
 8.391
 8.385
 8.356
 8.355
 8.353
 8.359
 8.387
 8.382
 8.373
 8.372
 8.378
 8.372
 8.367
 8.364
 8.361
 8.347
 8.385
 8.393
 8.413
 8.412
 8.41
 8.408
 8.404
 8.387
 8.38
 8.389
 8.387
 8.386
 8.365
 8.327
 8.325
 8.327
 8.373
 8.391
 8.435
 8.399
 8.383
 8.371
 8.371
 8.379
 8.351
 8.201
 7.838
 8.012
 8.566
 8.114
 7.802
 8.576
 8.186
 7.99
 8.256
 8.47
 8.332
 8.201
 8.246
 8.273
 8.418
 7.941
 8.201
 8.434
 7.767
 8.62
 7.936
 8.125
 8.392
 8.344
 8.29
 8.279
 8.281
 8.27
 8.265
 8.262
 8.273
 8.28
 8.292
 8.305
 8.32
 8.324
 8.311
 8.288
 8.265
 8.253
 8.256
 8.251
 8.229
 8.311
 8.253
 8.244
 8.266
 8.226
 8.231
 8.215
 8.219
 8.229
 8.234
 8.241
 8.251
 8.256
 8.262
 8.267
 8.27
 8.269
 8.307
 8.304
 8.271
 8.27
 8.276
 8.272
 8.269
 8.302
 8.277
 8.275
 8.308
 8.278
 8.269
 8.27
 8.267
 8.267
 8.263
 8.267
 8.267
 8.269
 8.277
 8.281
 8.298
 8.283
 8.284
 8.283
 8.286
 8.31
 8.304
 8.295
 8.297
 8.295
 8.316
 8.306
 8.312
 8.321
 8.327
 8.337
 8.353
 8.358
 8.312
 8.042
 7.846
 8.489
 8.332
 7.787
 8.476
 8.139
 8.016
 8.428
 8.29
 8.106
 8.178
 8.223
 8.199
 8.232
 8.321
 8.123
 8.48
 7.954
 8.423
 8.101
 8.013
 8.417
 8.362
 8.267
 8.266
 8.285
 8.306
 8.314
 8.312
 8.3
 8.288
 8.269
 8.265
 8.26
 8.262
 8.267
 8.28
 8.29
 8.287
 8.309
 8.318
 8.323
 8.322
 8.319
 8.316
 8.315
 8.323
 8.331
 8.352
 8.359
 8.359
 8.351
 8.35
 8.384
 8.41
 8.409
 8.405
 8.428
 8.433
 8.427
 8.413
 8.406
 8.42
 8.436
 8.408
 8.373
 8.311
 8.296
 8.295
 8.296
 8.305
 8.32
 8.328
 8.336
 8.34
 8.343
 8.35
 8.353
 8.361
 8.362
 8.381
 8.371
 8.376
 8.377
 8.38
 8.386
 8.375
 8.374
 8.371
 8.362
 8.32
 8.219
 7.938
 7.808
 8.434
 8.305
 7.819
 8.467
 8.056
 8.007
 8.4
 8.223
 8.026
 8.102
 8.173
 8.229
 8.157
 8.218
 8.262
 8.269
 8.295
 8.11
 8.148
 8.54
 7.954
 7.942
 8.163
 8.33
 8.372
 8.382
 8.379
 8.356
 8.34
 8.327
 8.336
 8.35
 8.363
 8.376
 8.389
 8.399
 8.404
 8.402
 8.399
 8.395
 8.385
 8.38
 8.376
 8.368
 8.359
 8.354
 8.346
 8.346
 8.343
 8.341
 8.336
 8.341
 8.381
 8.347
 8.354
 8.355
 8.351
 8.343
 8.342
 8.354
 8.375
 8.387
 8.381
 8.367
 8.373
 8.399
 8.422
 8.419
 8.398
 8.377
 8.362
 8.357
 8.357
 8.359
 8.364
 8.362
 8.371
 8.365
 8.362
 8.364
 8.353
 8.341
 8.329
 8.318
 8.313
 8.318
 8.33
 8.347
 8.355
 8.357
 8.349
 8.343
 8.34
 8.341
 8.338
 8.331
 8.326
 8.316
 8.304
 8.293
 8.279
 8.268
 8.208
 8.091
 7.919
 8.342
 8.597
 7.891
 8.264
 8.491
 8.097
 8.238
 8.431
 8.327
 8.335
 8.225
 8.277
 8.461
 8.342
 8.212
 8.136
 8.515
 8.237
 7.951
 8.365
 8.533
 8.19
 8.083
 8.257
 8.355
 8.371
 8.36
 8.337
 8.315
 8.313
 8.314
 8.325
 8.328
 8.328
 8.322
 8.314
 8.307
 8.297
 8.288
 8.287
 8.303
 8.307
 8.321
 8.339
 8.352
 8.365
 8.378
 8.393
 8.4
 8.416
 8.431
 8.428
 8.43
 8.439
 8.446
 8.442
 8.432
 8.421
 8.42
 8.42
 8.412
 8.394
 8.383
 8.382
 8.385
 8.391
 8.39
 8.39
 8.389
 8.395
 8.398
 8.399
 8.398
 8.423
 8.397
 8.395
 8.422
 8.395
 8.394
 8.397
 8.393
 8.394
 8.393
 8.396
 8.398
 8.404
 8.406
 8.411
 8.412
 8.412
 8.407
 8.404
 8.396
 8.387
 8.369
 8.315
 8.148
 7.889
 8.049
 8.659
 8.203
 7.997
 8.506
 7.985
 8.429
 8.266
 8.086
 8.244
 8.16
 8.19
 8.221
 8.162
 8.242
 8.406
 8.107
 8.267
 8.465
 7.705
 8.521
 8.502
 7.87
 7.963
 8.307
 8.448
 8.5
 8.514
 8.511
 8.509
 8.512
 8.503
 8.491
 8.477
 8.465
 8.457
 8.449
 8.445
 8.443
 8.442
 8.449
 8.445
 8.442
 8.441
 8.436
 8.436
 8.43
 8.426
 8.426
 8.426
 8.428
 8.428
 8.433
 8.434
 8.456
 8.44
 8.44
 8.442
 8.442
 8.443
 8.443
 8.444
 8.445
 8.449
 8.451
 8.447
 8.445
 8.444
 8.442
 8.442
 8.439
 8.435
 8.422
 8.414
 8.406
 8.401
 8.393
 8.386
 8.368
 8.349
 8.327
 8.306
 8.285
 8.273
 8.263
 8.263
 8.271
 8.283
 8.296
 8.31
 8.323
 8.332
 8.341
 8.347
 8.354
 8.332
 8.276
 8.16
 7.937
 8.133
 8.684
 8.085
 8.04
 8.55
 8
 8.431
 8.403
 8.09
 8.191
 8.19
 8.251
 8.206
 8.379
 8.277
 8.162
 8.527
 7.861
 8.36
 8.643
 8.069
 7.947
 8.051
 8.181
 8.306
 8.36
 8.387
 8.398
 8.396
 8.392
 8.397
 8.388
 8.378
 8.378
 8.374
 8.38
 8.385
 8.396
 8.406
 8.414
 8.42
 8.424
 8.421
 8.417
 8.412
 8.408
 8.405
 8.401
 8.399
 8.396
 8.396
 8.394
 8.393
 8.395
 8.399
 8.408
 8.399
 8.422
 8.407
 8.409
 8.416
 8.42
 8.419
 8.415
 8.413
 8.417
 8.41
 8.412
 8.418
 8.424
 8.427
 8.429
 8.43
 8.432
 8.436
 8.438
 8.439
 8.44
 8.442
 8.444
 8.447
 8.465
 8.453
 8.455
 8.486
 8.466
 8.465
 8.469
 8.466
 8.463
 8.464
 8.464
 8.461
 8.458
 8.455
 8.453
 8.453
 8.45
 8.445
 8.424
 8.364
 8.168
 7.868
 8.253
 8.676
 7.994
 8.088
 8.583
 8.033
 8.27
 8.524
 8.219
 8.309
 8.11
 8.095
 8.26
 8.295
 8.382
 8.21
 8.053
 8.555
 7.962
 8.461
 8.048
 8.236
 8.406
 8.227
 8.222
 8.241
 8.286
 8.303
 8.333
 8.382
 8.387
 8.416
 8.47
 8.472
 8.486
 8.486
 8.474
 8.461
 8.451
 8.442
 8.434
 8.425
 8.422
 8.417
 8.416
 8.421
 8.426
 8.431
 8.435
 8.437
 8.436
 8.433
 8.438
 8.428
 8.414
 8.413
 8.409
 8.414
 8.404
 8.399
 8.4
 8.399
 8.403
 8.41
 8.421
 8.431
 8.434
 8.44
 8.443
 8.448
 8.451
 8.454
 8.458
 8.464
 8.464
 8.467
 8.47
 8.473
 8.474
 8.474
 8.487
 8.475
 8.476
 8.475
 8.48
 8.479
 8.486
 8.488
 8.498
 8.51
 8.52
 8.524
 8.495
 8.317
 7.912
 8.153
 8.645
 7.921
 8.324
 8.341
 8.031
 8.468
 8.44
 8.194
 8.142
 8.187
 8.188
 8.228
 8.338
 8.37
 8.057
 8.27
 8.499
 7.856
 8.484
 8.51
 7.874
 8.156
 8.402
 8.479
 8.466
 8.473
 8.481
 8.492
 8.495
 8.488
 8.484
 8.479
 8.472
 8.466
 8.457
 8.457
 8.447
 8.442
 8.438
 8.443
 8.44
 8.445
 8.445
 8.445
 8.449
 8.447
 8.444
 8.443
 8.442
 8.44
 8.439
 8.433
 8.428
 8.424
 8.418
 8.414
 8.4
 8.409
 8.412
 8.416
 8.412
 8.429
 8.425
 8.454
 8.426
 8.422
 8.416
 8.411
 8.405
 8.412
 8.405
 8.404
 8.406
 8.406
 8.412
 8.415
 8.418
 8.421
 8.422
 8.423
 8.423
 8.422
 8.425
 8.425
 8.429
 8.421
 8.417
 8.424
 8.426
 8.427
 8.437
 8.439
 8.439
 8.44
 8.442
 8.446
 8.444
 8.436
 8.408
 8.295
 7.982
 8.012
 8.657
 8.205
 8.005
 8.546
 7.983
 8.275
 8.406
 8.193
 8.253
 8.116
 8.157
 8.208
 8.303
 8.392
 8.034
 8.401
 8.28
 7.92
 8.706
 7.935
 8.082
 8.369
 8.452
 8.412
 8.358
 8.331
 8.329
 8.328
 8.331
 8.335
 8.336
 8.332
 8.33
 8.324
 8.317
 8.316
 8.353
 8.336
 8.345
 8.383
 8.364
 8.37
 8.381
 8.387
 8.404
 8.411
 8.413
 8.413
 8.414
 8.414
 8.416
 8.415
 8.415
 8.413
 8.405
 8.404
 8.398
 8.397
 8.401
 8.402
 8.406
 8.419
 8.413
 8.415
 8.412
 8.41
 8.412
 8.418
 8.419
 8.416
 8.414
 8.411
 8.408
 8.405
 8.402
 8.401
 8.399
 8.412
 8.416
 8.417
 8.421
 8.423
 8.426
 8.42
 8.418
 8.424
 8.424
 8.449
 8.424
 8.426
 8.452
 8.434
 8.43
 8.429
 8.426
 8.424
 8.427
 8.421
 8.42
 8.406
 8.337
 8.119
 7.867
 8.3
 8.651
 7.909
 8.274
 8.44
 7.956
 8.315
 8.525
 8.365
 8.132
 8.084
 8.139
 8.399
 8.485
 7.977
 8.248
 8.492
 7.835
 8.692
 8.219
 7.874
 8.296
 8.413
 8.344
 8.332
 8.357
 8.383
 8.396
 8.397
 8.401
 8.428
 8.436
 8.445
 8.455
 8.465
 8.485
 8.478
 8.487
 8.493
 8.5
 8.501
 8.498
 8.493
 8.496
 8.504
 8.514
 8.519
 8.52
 8.519
 8.525
 8.53
 8.536
 8.534
 8.53
 8.521
 8.514
 8.509
 8.5
 8.497
 8.491
 8.479
 8.489
 8.492
 8.509
 8.501
 8.502
 8.504
 8.504
 8.504
 8.503
 8.5
 8.5
 8.501
 8.501
 8.501
 8.501
 8.5
 8.498
 8.497
 8.494
 8.491
 8.49
 8.489
 8.49
 8.493
 8.496
 8.494
 8.502
 8.506
 8.505
 8.505
 8.48
 8.409
 8.234
 8.012
 8.229
 8.564
 8.083
 8.208
 8.425
 8.182
 8.288
 8.321
 8.302
 8.201
 8.295
 8.348
 8.357
 8.161
 8.301
 8.335
 8.225
 8.23
 8.451
 7.914
 8.71
 7.969
 8.315
 8.521
 8.481
 8.504
 8.486
 8.478
 8.484
 8.484
 8.477
 8.475
 8.473
 8.471
 8.474
 8.482
 8.49
 8.495
 8.497
 8.496
 8.493
 8.49
 8.488
 8.485
 8.486
 8.484
 8.493
 8.489
 8.493
 8.491
 8.491
 8.49
 8.491
 8.493
 8.491
 8.49
 8.491
 8.492
 8.494
 8.495
 8.5
 8.5
 8.497
 8.499
 8.498
 8.495
 8.493
 8.491
 8.493
 8.493
 8.527
 8.501
 8.498
 8.496
 8.495
 8.493
 8.49
 8.488
 8.486
 8.483
 8.48
 8.475
 8.47
 8.466
 8.462
 8.458
 8.455
 8.454
 8.459
 8.464
 8.465
 8.467
 8.471
 8.471
 8.496
 8.464
 8.469
 8.492
 8.456
 8.42
 8.333
 8.06
 7.948
 8.483
 8.41
 8.022
 8.486
 8.23
 8.221
 8.464
 8.252
 8.065
 8.217
 8.211
 8.064
 8.305
 8.364
 8.193
 8.33
 8.402
 8.145
 8.284
 8.417
 7.999
 8.07
 8.336
 8.402
 8.394
 8.392
 8.387
 8.384
 8.387
 8.391
 8.401
 8.4
 8.386
 8.376
 8.379
 8.387
 8.395
 8.402
 8.414
 8.416
 8.416
 8.42
 8.437
 8.409
 8.411
 8.435
 8.411
 8.402
 8.4
 8.394
 8.393
 8.395
 8.4
 8.406
 8.409
 8.408
 8.408
 8.409
 8.41
 8.408
 8.411
 8.412
 8.411
 8.409
 8.423
 8.437
 8.445
 8.445
 8.444
 8.444
 8.448
 8.442
 8.442
 8.443
 8.439
 8.458
 8.459
 8.459
 8.46
 8.462
 8.463
 8.464
 8.463
 8.463
 8.464
 8.465
 8.467
 8.467
 8.468
 8.465
 8.465
 8.465
 8.463
 8.471
 8.462
 8.456
 8.439
 8.367
 8.138
 7.924
 8.434
 8.48
 8.021
 8.373
 8.355
 8.211
 8.393
 8.33
 8.214
 8.465
 8.485
 8.472
 8.251
 8.217
 8.384
 8.142
 8.306
 8.104
 8.175
 8.626
 7.973
 8.344
 8.423
 8.289
 8.363
 8.415
 8.441
 8.46
 8.465
 8.471
 8.483
 8.495
 8.503
 8.511
 8.512
 8.509
 8.507
 8.509
 8.515
 8.524
 8.528
 8.52
 8.509
 8.499
 8.493
 8.488
 8.489
 8.496
 8.506
 8.503
 8.498
 8.493
 8.488
 8.487
 8.483
 8.48
 8.487
 8.481
 8.478
 8.476
 8.47
 8.467
 8.467
 8.468
 8.468
 8.471
 8.471
 8.471
 8.471
 8.473
 8.479
 8.476
 8.508
 8.472
 8.471
 8.471
 8.47
 8.469
 8.469
 8.465
 8.457
 8.447
 8.437
 8.431
 8.427
 8.426
 8.422
 8.418
 8.418
 8.419
 8.415
 8.401
 8.37
 8.291
 8.105
 7.902
 8.235
 8.627
 8.11
 8.087
 8.435
 8.307
 8.179
 8.413
 8.372
 8.196
 8.136
 8.164
 8.09
 8.192
 8.448
 8.42
 7.945
 8.63
 8.003
 8.282
 8.472
 7.93
 8.322
 8.477
 8.422
 8.342
 8.337
 8.402
 8.409
 8.42
 8.403
 8.388
 8.371
 8.358
 8.348
 8.338
 8.334
 8.329
 8.326
 8.324
 8.324
 8.323
 8.322
 8.324
 8.324
 8.325
 8.323
 8.321
 8.322
 8.324
 8.323
 8.356
 8.329
 8.33
 8.361
 8.336
 8.338
 8.336
 8.338
 8.348
 8.342
 8.344
 8.348
 8.35
 8.353
 8.354
 8.355
 8.356
 8.356
 8.359
 8.358
 8.356
 8.356
 8.354
 8.356
 8.354
 8.368
 8.372
 8.369
 8.382
 8.382
 8.384
 8.385
 8.383
 8.383
 8.379
 8.379
 8.38
 8.381
 8.377
 8.37
 8.365
 8.366
 8.376
 8.383
 8.389
 8.397
 8.409
 8.426
 8.45
 8.441
 8.301
 7.945
 8.22
 8.593
 7.919
 8.491
 8.078
 8.313
 8.268
 8.098
 8.367
 8.397
 8.422
 8.431
 8.182
 8.182
 8.467
 8
 8.417
 8.314
 7.781
 8.613
 8.275
 7.844
 8.201
 8.461
 8.511
 8.546
 8.555
 8.55
 8.538
 8.534
 8.519
 8.498
 8.473
 8.45
 8.429
 8.413
 8.404
 8.401
 8.405
 8.406
 8.407
 8.406
 8.402
 8.402
 8.396
 8.392
 8.389
 8.387
 8.386
 8.387
 8.396
 8.392
 8.394
 8.397
 8.401
 8.398
 8.396
 8.393
 8.383
 8.389
 8.396
 8.394
 8.392
 8.406
 8.408
 8.41
 8.412
 8.412
 8.412
 8.413
 8.412
 8.412
 8.41
 8.41
 8.409
 8.406
 8.413
 8.414
 8.438
 8.413
 8.409
 8.407
 8.405
 8.409
 8.408
 8.41
 8.416
 8.421
 8.421
 8.419
 8.421
 8.425
 8.43
 8.436
 8.447
 8.46
 8.426
 8.235
 7.887
 8.38
 8.493
 7.92
 8.491
 8.302
 8.092
 8.483
 8.278
 7.813
 8.015
 7.907
 7.877
 8.045
 8.431
 8.523
 7.95
 8.329
 8.48
 7.883
 8.361
 8.721
 8.153
 7.918
 8.099
 8.287
 8.39
 8.472
 8.507
 8.516
 8.526
 8.55
 8.502
 8.491
 8.472
 8.453
 8.438
 8.422
 8.413
 8.408
 8.41
 8.419
 8.425
 8.432
 8.436
 8.443
 8.449
 8.456
 8.455
 8.457
 8.455
 8.458
 8.458
 8.458
 8.454
 8.461
 8.449
 8.448
 8.443
 8.438
 8.444
 8.461
 8.461
 8.458
 8.458
 8.457
 8.454
 8.446
 8.433
 8.43
 8.446
 8.448
 8.448
 8.444
 8.439
 8.438
 8.432
 8.416
 8.41
 8.407
 8.413
 8.412
 8.45
 8.422
 8.413
 8.416
 8.409
 8.4
 8.395
 8.385
 8.377
 8.368
 8.364
 8.355
 8.346
 8.341
 8.331
 8.318
 8.292
 8.195
 7.997
 7.917
 8.522
 8.376
 7.916
 8.478
 8.266
 8.002
 8.472
 8.426
 8.068
 8.12
 8.054
 8.091
 8.044
 8.292
 8.516
 8.17
 8.046
 8.614
 7.9
 8.117
 8.625
 8.212
 7.8
 7.896
 8.032
 8.159
 8.243
 8.273
 8.311
 8.318
 8.316
 8.317
 8.323
 8.331
 8.33
 8.336
 8.339
 8.341
 8.336
 8.323
 8.304
 8.293
 8.281
 8.304
 8.296
 8.284
 8.294
 8.29
 8.287
 8.271
 8.264
 8.261
 8.26
 8.267
 8.267
 8.289
 8.268
 8.265
 8.283
 8.242
 8.239
 8.244
 8.24
 8.231
 8.231
 8.226
 8.22
 8.217
 8.214
 8.213
 8.213
 8.204
 8.201
 8.197
 8.209
 8.203
 8.202
 8.218
 8.219
 8.219
 8.221
 8.225
 8.231
 8.236
 8.233
 8.231
 8.229
 8.229
 8.226
 8.216
 8.221
 8.209
 8.216
 8.213
 8.188
 8.125
 8.028
 7.935
 8.102
 8.549
 8.151
 7.907
 8.514
 8.103
 8.163
 8.525
 8.176
 8.11
 7.986
 7.956
 8.087
 8.551
 8.357
 7.931
 8.32
 8.516
 7.819
 8.323
 8.578
 7.925
 8.082
 8.293
 8.36
 8.349
 8.322
 8.346
 8.348
 8.36
 8.353
 8.345
 8.356
 8.335
 8.357
 8.36
 8.383
 8.377
 8.38
 8.384
 8.388
 8.389
 8.39
 8.39
 8.391
 8.395
 8.398
 8.401
 8.415
 8.419
 8.415
 8.413
 8.413
 8.414
 8.42
 8.42
 8.422
 8.421
 8.421
 8.429
 8.42
 8.433
 8.425
 8.425
 8.44
 8.449
 8.443
 8.421
 8.42
 8.428
 8.43
 8.43
 8.441
 8.445
 8.447
 8.445
 8.442
 8.441
 8.441
 8.442
 8.439
 8.443
 8.446
 8.446
 8.445
 8.446
 8.444
 8.483
 8.446
 8.443
 8.436
 8.429
 8.427
 8.415
 8.388
 8.323
 8.162
 7.934
 8.301
 8.512
 7.879
 8.447
 8.13
 8.08
 8.474
 8.163
 8.015
 8.202
 8.079
 8.075
 8.13
 8.15
 8.422
 8.091
 8.144
 8.511
 7.756
 8.546
 8.263
 7.905
 8.24
 8.428
 8.452
 8.441
 8.416
 8.387
 8.377
 8.374
 8.372
 8.368
 8.373
 8.38
 8.387
 8.412
 8.418
 8.427
 8.433
 8.43
 8.452
 8.436
 8.432
 8.442
 8.438
 8.432
 8.437
 8.42
 8.415
 8.402
 8.391
 8.368
 8.351
 8.323
 8.309
 8.3
 8.297
 8.297
 8.291
 8.289
 8.283
 8.295
 8.311
 8.313
 8.343
 8.338
 8.353
 8.395
 8.383
 8.392
 8.399
 8.412
 8.414
 8.42
 8.416
 8.416
 8.416
 8.415
 8.418
 8.416
 8.418
 8.411
 8.417
 8.422
 8.427
 8.433
 8.439
 8.433
 8.427
 8.416
 8.444
 8.446
 8.449
 8.447
 8.423
 8.433
 8.452
 8.445
 8.444
 8.445
 8.447
 8.437
 8.454
 8.453
 8.451
 8.36
 7.975
 7.893
 8.621
 8.108
 7.931
 8.449
 7.958
 8.189
 8.379
 8.222
 8.073
 8.171
 8.215
 8.122
 8.178
 8.193
 8.278
 8.204
 8.162
 8.149
 8.311
 8.386
 7.955
 8.136
 8.313
 8.381
 8.388
 8.378
 8.384
 8.404
 8.417
 8.416
 8.41
 8.405
 8.399
 8.404
 8.387
 8.362
 8.382
 8.379
 8.378
 8.373
 8.365
 8.326
 8.35
 8.349
 8.355
 8.348
 8.347
 8.34
 8.336
 8.333
 8.323
 8.322
 8.32
 8.313
 8.299
 8.278
 8.277
 8.276
 8.286
 8.266
 8.289
 8.275
 8.312
 8.309
 8.309
 8.316
 8.316
 8.316
 8.315
 8.313
 8.309
 8.304
 8.301
 8.278
 8.282
 8.268
 8.261
 8.276
 8.279
 8.279
 8.287
 8.297
 8.303
 8.307
 8.342
 8.348
 8.367
 8.349
 8.342
 8.327
 8.28
 8.265
 8.27
 8.25
 8.207
 8.045
 7.823
 8.151
 8.599
 8.054
 8.007
 8.501
 8.041
 8.228
 8.377
 8.062
 8.227
 8.17
 8.228
 8.235
 8.226
 8.065
 8.349
 8.361
 8.028
 8.56
 7.81
 8.502
 8.311
 8.027
 8.241
 8.254
 8.241
 8.215
 8.213
 8.245
 8.272
 8.277
 8.277
 8.29
 8.312
 8.329
 8.337
 8.341
 8.346
 8.357
 8.36
 8.385
 8.355
 8.354
 8.357
 8.354
 8.357
 8.361
 8.367
 8.37
 8.372
 8.371
 8.368
 8.365
 8.361
 8.364
 8.36
 8.343
 8.343
 8.339
 8.331
 8.332
 8.327
 8.318
 8.306
 8.325
 8.345
 8.35
 8.366
 8.362
 8.362
 8.37
 8.362
 8.374
 8.367
 8.372
 8.367
 8.369
 8.372
 8.36
 8.333
 8.363
 8.357
 8.364
 8.372
 8.37
 8.368
 8.368
 8.367
 8.368
 8.368
 8.37
 8.389
 8.355
 8.33
 8.279
 8.137
 7.929
 8.205
 8.633
 7.978
 8.206
 8.312
 8.072
 8.405
 8.302
 8.16
 8.19
 8.279
 8.325
 8.3
 8.036
 8.236
 8.432
 7.902
 8.427
 8.1
 8.008
 8.694
 8.069
 7.983
 8.352
 8.446
 8.43
 8.419
 8.416
 8.413
 8.413
 8.404
 8.401
 8.362
 8.311
 8.298
 8.35
 8.362
 8.356
 8.35
 8.344
 8.348
 8.343
 8.336
 8.308
 8.294
 8.318
 8.292
 8.311
 8.304
 8.288
 8.295
 8.285
 8.321
 8.34
 8.35
 8.353
 8.356
 8.35
 8.352
 8.361
 8.334
 8.335
 8.346
 8.326
 8.328
 8.323
 8.327
 8.338
 8.349
 8.375
 8.373
 8.424
 8.46
 8.444
 8.449
 8.457
 8.461
 8.462
 8.458
 8.455
 8.46
 8.453
 8.44
 8.468
 8.478
 8.477
 8.47
 8.467
 8.469
 8.47
 8.443
 8.455
 8.462
 8.467
 8.458
 8.43
 8.336
 8.102
 7.86
 8.286
 8.593
 7.799
 8.343
 8.213
 8.034
 8.509
 8.268
 8.053
 8.195
 8.247
 8.23
 8.019
 8.206
 8.336
 8.184
 8.255
 8.305
 7.851
 8.434
 8.588
 8.019
 7.901
 8.028
 8.142
 8.224
 8.267
 8.294
 8.307
 8.312
 8.315
 8.325
 8.339
 8.358
 8.379
 8.391
 8.396
 8.392
 8.395
 8.4
 8.401
 8.397
 8.393
 8.394
 8.401
 8.402
 8.403
 8.416
 8.421
 8.437
 8.427
 8.422
 8.416
 8.409
 8.405
 8.401
 8.41
 8.412
 8.411
 8.406
 8.43
 8.429
 8.423
 8.416
 8.406
 8.407
 8.396
 8.397
 8.395
 8.403
 8.388
 8.379
 8.403
 8.393
 8.38
 8.407
 8.415
 8.412
 8.414
 8.421
 8.423
 8.424
 8.419
 8.417
 8.416
 8.415
 8.414
 8.427
 8.428
 8.423
 8.414
 8.416
 8.423
 8.424
 8.418
 8.414
 8.412
 8.411
 8.407
 8.398
 8.425
 8.376
 8.318
 8.241
 8.124
 7.975
 8.475
 8.431
 7.815
 8.313
 8.478
 8.014
 8.224
 8.541
 8.237
 8.128
 8.151
 8.184
 8.108
 8.293
 8.462
 8.001
 8.388
 8.237
 7.947
 8.646
 8.068
 8.128
 8.364
 8.357
 8.37
 8.394
 8.414
 8.429
 8.413
 8.38
 8.404
 8.386
 8.377
 8.34
 8.361
 8.351
 8.341
 8.386
 8.407
 8.415
 8.421
 8.424
 8.424
 8.431
 8.429
 8.459
 8.435
 8.431
 8.421
 8.438
 8.438
 8.437
 8.433
 8.422
 8.395
 8.388
 8.374
 8.375
 8.371
 8.388
 8.412
 8.447
 8.444
 8.438
 8.432
 8.439
 8.433
 8.414
 8.401
 8.421
 8.394
 8.395
 8.42
 8.413
 8.388
 8.382
 8.392
 8.396
 8.425
 8.407
 8.398
 8.426
 8.425
 8.434
 8.442
 8.44
 8.43
 8.425
 8.436
 8.446
 8.448
 8.44
 8.437
 8.434
 8.439
 8.437
 8.451
 8.439
 8.452
 8.448
 8.456
 8.452
 8.455
 8.456
 8.466
 8.465
 8.463
 8.465
 8.465
 8.456
 8.461
 8.461
 8.471
 8.474
 8.48
 8.473
 8.467
 8.458
 8.45
 8.459
 8.484
 8.452
 8.421
 8.292
 8.002
 8.506
 8.184
 8.045
 8.493
 8.029
 8.362
 8.409
 8.157
 8.122
 7.983
 8.046
 8.231
 8.573
 8.234
 8.021
 8.612
 7.907
 8.378
 8.454
 7.983
 8.33
 8.353
 8.427
 8.428
 8.432
 8.463
 8.461
 8.452
 8.445
 8.437
 8.426
 8.406
 8.401
 8.406
 8.414
 8.422
 8.429
 8.433
 8.429
 8.426
 8.425
 8.425
 8.426
 8.429
 8.425
 8.424
 8.434
 8.424
 8.425
 8.426
 8.429
 8.427
 8.427
 8.423
 8.421
 8.42
 8.423
 8.418
 8.416
 8.412
 8.436
 8.438
 8.436
 8.439
 8.441
 8.442
 8.445
 8.446
 8.448
 8.447
 8.445
 8.439
 8.438
 8.429
 8.425
 8.414
 8.423
 8.421
 8.414
 8.402
 8.398
 8.397
 8.391
 8.39
 8.412
 8.412
 8.411
 8.386
 8.233
 7.898
 8.288
 8.503
 7.996
 8.313
 8.383
 8.121
 8.38
 8.388
 8.172
 8.089
 8.049
 8.141
 8.372
 8.391
 8.062
 8.436
 8.21
 8.03
 8.568
 8.347
 8.024
 7.995
 8.111
 8.226
 8.322
 8.405
 8.451
 8.424
 8.37
 8.331
 8.322
 8.316
 8.306
 8.321
 8.316
 8.356
 8.324
 8.324
 8.318
 8.311
 8.333
 8.329
 8.326
 8.315
 8.301
 8.33
 8.329
 8.334
 8.343
 8.351
 8.359
 8.363
 8.378
 8.379
 8.38
 8.377
 8.378
 8.379
 8.382
 8.383
 8.385
 8.383
 8.388
 8.386
 8.383
 8.381
 8.377
 8.39
 8.385
 8.377
 8.373
 8.373
 8.368
 8.363
 8.37
 8.418
 8.429
 8.445
 8.455
 8.364
 7.982
 7.963
 8.596
 8.119
 8.068
 8.41
 8.102
 8.213
 8.382
 8.184
 8.024
 8.126
 8.077
 7.973
 8.305
 8.406
 7.948
 8.162
 8.524
 7.788
 8.381
 8.316
 7.867
 8.038
 8.312
 8.384
 8.385
 8.327
 8.249
 8.2
 8.209
 8.214
 8.243
 8.271
 8.241
 8.236
 8.241
 8.238
 8.238
 8.24
 8.243
 8.244
 8.244
 8.244
 8.246
 8.251
 8.261
 8.27
 8.278
 8.277
 8.274
 8.27
 8.263
 8.281
 8.287
 8.29
 8.273
 8.271
 8.271
 8.274
 8.267
 8.281
 8.27
 8.269
 8.274
 8.283
 8.281
 8.279
 8.307
 8.311
 8.308
 8.309
 8.316
 8.316
 8.305
 8.314
 8.321
 8.322
 8.32
 8.32
 8.321
 8.35
 8.314
 8.31
 8.335
 8.313
 8.315
 8.326
 8.313
 8.311
 8.307
 8.305
 8.307
 8.317
 8.325
 8.332
 8.339
 8.342
 8.359
 8.392
 8.421
 8.467
 8.424
 8.005
 7.982
 8.685
 8.09
 8.247
 8.574
 8.04
 8.444
 8.354
 8.076
 8.012
 8.108
 8.053
 8.118
 8.396
 8.366
 8.088
 8.492
 8.12
 8.126
 8.558
 8.11
 7.965
 8.296
 8.448
 8.443
 8.384
 8.332
 8.309
 8.303
 8.304
 8.302
 8.28
 8.265
 8.253
 8.249
 8.256
 8.238
 8.263
 8.266
 8.273
 8.277
 8.282
 8.289
 8.293
 8.301
 8.309
 8.323
 8.323
 8.326
 8.332
 8.339
 8.366
 8.375
 8.381
 8.391
 8.399
 8.432
 8.42
 8.424
 8.426
 8.428
 8.431
 8.436
 8.439
 8.437
 8.438
 8.476
 8.505
 8.511
 8.524
 8.531
 8.542
 8.566
 8.561
 8.482
 8.154
 8.022
 8.535
 8.188
 8.118
 8.335
 8.05
 8.379
 8.206
 7.968
 8.308
 8.505
 8.405
 8.413
 8.222
 8.02
 8.22
 8.321
 8.198
 8.423
 7.998
 8.466
 8.435
 7.97
 8.163
 8.432
 8.476
 8.443
 8.432
 8.428
 8.426
 8.414
 8.416
 8.328
 8.338
 8.33
 8.328
 8.322
 8.322
 8.325
 8.326
 8.353
 8.358
 8.348
 8.313
 8.337
 8.347
 8.339
 8.315
 8.347
 8.364
 8.371
 8.378
 8.386
 8.389
 8.395
 8.415
 8.426
 8.443
 8.463
 8.474
 8.488
 8.48
 8.442
 8.433
 8.443
 8.443
 8.443
 8.448
 8.446
 8.473
 8.484
 8.485
 8.483
 8.474
 8.443
 8.434
 8.428
 8.426
 8.415
 8.409
 8.413
 8.433
 8.499
 8.473
 8.472
 8.465
 8.462
 8.479
 8.482
 8.476
 8.463
 8.464
 8.454
 8.436
 8.45
 8.469
 8.478
 8.482
 8.478
 8.467
 8.443
 8.416
 8.379
 8.336
 8.303
 8.255
 8.243
 8.175
 8.148
 8.167
 8.144
 8.159
 8.182
 8.208
 8.24
 8.266
 8.281
 8.264
 8.155
 7.968
 8.243
 8.443
 8.075
 8.324
 8.282
 8.143
 8.36
 8.207
 8.121
 8.196
 8.377
 8.457
 8.333
 8.175
 8.128
 8.381
 8.171
 8.394
 8.179
 8.26
 8.378
 8.007
 8.263
 8.438
 8.405
 8.344
 8.32
 8.304
 8.288
 8.263
 8.27
 8.284
 8.287
 8.29
 8.292
 8.29
 8.285
 8.309
 8.299
 8.321
 8.375
 8.371
 8.369
 8.358
 8.354
 8.355
 8.341
 8.313
 8.29
 8.281
 8.283
 8.296
 8.307
 8.299
 8.334
 8.345
 8.344
 8.346
 8.344
 8.336
 8.336
 8.336
 8.336
 8.342
 8.338
 8.335
 8.332
 8.327
 8.318
 8.301
 8.315
 8.364
 8.364
 8.372
 8.371
 8.362
 8.364
 8.355
 8.352
 8.338
 8.321
 8.306
 8.315
 8.295
 8.342
 8.362
 8.366
 8.362
 8.385
 8.38
 8.381
 8.389
 8.388
 8.354
 8.351
 8.342
 8.345
 8.336
 8.341
 8.385
 8.375
 8.355
 8.314
 8.138
 7.937
 8.253
 8.446
 8.016
 8.266
 8.366
 8.197
 8.275
 8.198
 8.177
 8.265
 8.314
 8.311
 8.185
 8.172
 8.432
 8.223
 8.059
 8.503
 8.127
 8.205
 8.34
 7.934
 8.354
 8.331
 8.148
 8.155
 8.144
 8.145
 8.173
 8.184
 8.163
 8.211
 8.188
 8.179
 8.196
 8.208
 8.203
 8.197
 8.197
 8.193
 8.207
 8.205
 8.203
 8.214
 8.224
 8.235
 8.241
 8.25
 8.269
 8.276
 8.28
 8.295
 8.305
 8.319
 8.327
 8.329
 8.327
 8.32
 8.318
 8.332
 8.349
 8.342
 8.395
 8.372
 8.367
 8.355
 8.337
 8.308
 8.308
 8.32
 8.318
 8.312
 8.312
 8.306
 8.301
 8.308
 8.313
 8.315
 8.362
 8.377
 8.382
 8.387
 8.392
 8.396
 8.4
 8.404
 8.423
 8.431
 8.449
 8.471
 8.478
 8.466
 8.391
 8.216
 8.062
 8.445
 8.394
 8.01
 8.448
 8.257
 8.31
 8.355
 8.155
 8.176
 8.318
 8.338
 8.3
 8.16
 8.174
 8.366
 8.279
 8.203
 8.495
 8.015
 8.307
 8.487
 7.994
 8.183
 8.326
 8.361
 8.393
 8.385
 8.382
 8.387
 8.391
 8.387
 8.374
 8.362
 8.349
 8.339
 8.327
 8.318
 8.314
 8.312
 8.313
 8.319
 8.328
 8.365
 8.374
 8.395
 8.441
 8.431
 8.443
 8.451
 8.457
 8.46
 8.463
 8.466
 8.467
 8.469
 8.472
 8.472
 8.472
 8.472
 8.473
 8.476
 8.478
 8.476
 8.475
 8.474
 8.473
 8.472
 8.477
 8.47
 8.467
 8.487
 8.468
 8.467
 8.465
 8.462
 8.463
 8.461
 8.462
 8.459
 8.458
 8.459
 8.459
 8.459
 8.459
 8.459
 8.461
 8.465
 8.468
 8.471
 8.474
 8.477
 8.48
 8.48
 8.505
 8.489
 8.492
 8.514
 8.465
 8.366
 8.145
 8.05
 8.381
 8.384
 8.2
 8.221
 8.311
 8.284
 8.218
 8.292
 8.426
 8.3
 8.141
 8.189
 8.398
 8.373
 8.248
 8.398
 8.209
 8.35
 8.26
 8.09
 8.557
 8.141
 8.063
 8.301
 8.415
 8.453
 8.442
 8.43
 8.439
 8.434
 8.421
 8.409
 8.403
 8.397
 8.393
 8.39
 8.394
 8.399
 8.407
 8.413
 8.419
 8.424
 8.428
 8.439
 8.434
 8.441
 8.454
 8.465
 8.458
 8.45
 8.443
 8.442
 8.445
 8.441
 8.435
 8.432
 8.426
 8.42
 8.422
 8.424
 8.426
 8.427
 8.426
 8.422
 8.419
 8.419
 8.419
 8.42
 8.41
 8.411
 8.409
 8.424
 8.407
 8.407
 8.4
 8.398
 8.402
 8.401
 8.404
 8.407
 8.412
 8.418
 8.419
 8.418
 8.418
 8.42
 8.42
 8.422
 8.433
 8.433
 8.434
 8.435
 8.437
 8.434
 8.433
 8.435
 8.435
 8.427
 8.411
 8.334
 8.194
 8.227
 8.596
 8.052
 8.286
 8.404
 8.142
 8.389
 8.215
 8.245
 8.355
 8.293
 8.268
 8.116
 8.307
 8.49
 8.06
 8.466
 8.23
 8.047
 8.612
 8.169
 8.093
 8.211
 8.282
 8.299
 8.334
 8.373
 8.412
 8.438
 8.453
 8.442
 8.434
 8.43
 8.431
 8.436
 8.441
 8.444
 8.449
 8.453
 8.456
 8.456
 8.45
 8.44
 8.428
 8.403
 8.397
 8.383
 8.382
 8.393
 8.403
 8.418
 8.421
 8.419
 8.416
 8.417
 8.417
 8.417
 8.42
 8.431
 8.425
 8.421
 8.423
 8.422
 8.424
 8.427
 8.429
 8.432
 8.434
 8.435
 8.437
 8.444
 8.437
 8.461
 8.441
 8.438
 8.441
 8.439
 8.439
 8.441
 8.443
 8.446
 8.448
 8.448
 8.448
 8.447
 8.447
 8.449
 8.458
 8.454
 8.456
 8.46
 8.46
 8.46
 8.457
 8.458
 8.447
 8.461
 8.441
 8.439
 8.465
 8.432
 8.415
 8.371
 8.301
 8.096
 8.095
 8.584
 8.223
 8.037
 8.419
 8.351
 8.141
 8.393
 8.446
 8.367
 8.345
 8.427
 8.566
 8.374
 8.159
 8.189
 8.561
 8.108
 8.246
 8.476
 8.004
 8.361
 8.385
 8.318
 8.276
 8.298
 8.353
 8.373
 8.363
 8.369
 8.393
 8.424
 8.441
 8.45
 8.458
 8.461
 8.459
 8.454
 8.444
 8.431
 8.427
 8.427
 8.463
 8.449
 8.47
 8.516
 8.504
 8.505
 8.499
 8.492
 8.498
 8.494
 8.495
 8.49
 8.479
 8.515
 8.518
 8.541
 8.523
 8.538
 8.543
 8.545
 8.538
 8.513
 8.479
 8.477
 8.487
 8.346
 8.118
 8.193
 8.395
 8.301
 8.431
 8.385
 8.577
 8.527
 8.202
 8.389
 8.347
 8.33
 8.531
 8.305
 8.463
 8.768
 8.97
 9.046
 9.068
 9.117
 9.129
 9.111
 9.09
 9.104
 9.09
 9.044
 8.903
 8.44
 7.782
 7.422
 7.34
 7.247
 7.048
 6.904
 6.889
 6.86
 6.766
 6.659
 6.501
 6.281
 6.084
 5.865
 5.499
 5.393
 5.374
 5.311
 5.179
 5.07
 5.066
 5.25
 5.493
 5.556
 5.491
 5.385
 5.32
 5.3
 5.277
 5.238
 5.114
 5.067
 5.109
 5.287
 5.455
 5.573
 5.598
 5.606
 5.613
 5.601
 5.536
 5.47
 5.405
 5.364
 5.327
 5.195
 5.075
 5.021
 4.941
 4.907
 4.837
 4.804
 4.803
 4.739
 4.636
 4.46
 4.462
 4.889
 5.346
 6.156
 6.842
 7.446
 8.117
 8.53
 8.432
 8.5
 8.672
 8.587
 8.302
 8.303
 8.168
 8.303
 8.288
 8.231
 8.264
 8.24
 8.288
 8.255
 8.308
 8.44
 8.534
 8.547
 8.403
 8.223
 8.123
 8.143
 8.194
 8.222
 8.236
 8.241
 8.247
 8.247
 8.241
 8.237
 8.234
 8.227
 8.216
 8.204
 8.2
 8.206
 8.224
 8.241
 8.262
 8.285
 8.292
 8.296
 8.293
 8.293
 8.295
 8.291
 8.284
 8.27
 8.265
 8.263
 8.261
 8.264
 8.265
 8.258
 8.256
 8.271
 8.289
 8.315
 8.303
 8.32
 8.322
 8.318
 8.302
 8.32
 8.288
 8.28
 8.268
 8.26
 8.268
 8.26
 8.252
 8.244
 8.238
 8.234
 8.233
 8.235
 8.235
 8.237
 8.236
 8.237
 8.237
 8.237
 8.238
 8.24
 8.241
 8.244
 8.248
 8.278
 8.256
 8.266
 8.293
 8.269
 8.264
 8.26
 8.255
 8.252
 8.255
 8.256
 8.256
 8.256
 8.259
 8.26
 8.258
 8.258
 8.261
 8.264
 8.264
 8.261
 8.264
 8.261
 8.261
 8.267
 8.266
 8.263
 8.271
 8.258
 8.254
 8.252
 8.253
 8.251
 8.249
 8.246
 8.246
 8.245
 8.242
 8.24
 8.24
 8.237
 8.236
 8.234
 8.253
 8.257
 8.257
 8.261
 8.259
 8.259
 8.256
 8.253
 8.271
 8.231
 8.218
 8.235
 8.209
 8.211
 8.215
 8.215
 8.214
 8.215
 8.218
 8.223
 8.23
 8.233
 8.235
 8.236
 8.24
 8.245
 8.246
 8.246
 8.249
 8.25
 8.251
 8.249
 8.247
 8.24
 8.236
 8.232
 8.239
 8.239
 8.232
 8.228
 8.229
 8.238
 8.239
 8.24
 8.238
 8.235
 8.233
 8.228
 8.221
 8.213
 8.205
 8.196
 8.191
 8.187
 8.186
 8.185
 8.186
 8.184
 8.18
 8.182
 8.185
 8.191
 8.202
 8.212
 8.228
 8.236
 8.243
 8.243
 8.238
 8.236
 8.23
 8.219
 8.226
 8.239
 8.247
 8.256
 8.254
 8.25
 8.252
 8.256
 8.256
 8.255
 8.254
 8.254
 8.246
 8.25
 8.248
 8.255
 8.247
 8.244
 8.238
 8.233
 8.232
 8.233
 8.233
 8.233
 8.233
 8.235
 8.237
 8.238
 8.236
 8.236
 8.236
 8.236
 8.236
 8.24
 8.241
 8.243
 8.242
 8.241
 8.243
 8.243
 8.242
 8.242
 8.255
 8.254
 8.253
 8.261
 8.266
 8.267
 8.267
 8.264
 8.26
 8.257
 8.249
 8.244
 8.242
 8.238
 8.228
 8.214
 8.187
 8.145
 8.081
 8.01
 7.957
 7.956
 8.023
 8.117
 8.296
 8.45
 8.595
 8.661
 8.612
 8.427
 8.268
 8.23
 8.255
 8.217
 8.227
 8.3
 8.221
 8.522
 8.22
 8.208
 8.316
 8.334
 8.354
 8.349
 8.293
 8.255
 8.256
 8.267
 8.255
 8.258
 8.305
 8.335
 8.364
 8.403
 8.404
 8.369
 8.313
 8.308
 8.376
 8.436
 8.419
 8.342
 8.289
 8.275
 8.276
 8.271
 8.235
 8.207
 8.194
 8.229
 8.276
 8.31
 8.316
 8.316
 8.293
 8.306
 8.29
 8.323
 8.371
 8.418
 9.587
 9.367
 9.333
 9.353
 9.349
 9.279
 9.207
 9.146
 9.16
 9.25
 9.268
 9.209
 9.233
 9.186
 9.289
 9.168
 9.176
 9.561
 9.504
 9.081
 8.876
 8.918
 9.106
 9.275
 9.517
 9.688
 9.968
 10.089
 10.168
 10.234
 10.168
 10.116
 10.136
 10.125
 10.116
 10.21
 10.246
 10.261
 10.242
 10.219
 10.204
 10.24
 10.179
 10.219
 10.207
 10.259
 10.183
 10.216
 10.167
