 72
 8.122
 8.132
 8.135
 8.161
 8.192
 8.217
 8.258
 8.231
 8.187
 8.245
 8.262
 8.275
 8.297
 8.298
 8.32
 8.329
 8.319
 8.287
 8.284
 8.3
 8.313
 8.325
 8.329
 8.313
 8.3
 8.277
 8.258
 8.251
 8.244
 8.241
 8.238
 8.227
 8.227
 8.235
 8.231
 8.246
 8.266
 8.282
 8.307
 8.322
 8.331
 8.331
 8.339
 8.342
 8.331
 8.345
 8.381
 8.332
 8.323
 8.327
 8.322
 8.352
 8.367
 8.366
 8.36
 8.357
 8.35
 8.344
 8.339
 8.328
 8.322
 8.315
 8.318
 8.331
 8.348
 8.363
 8.376
 8.362
 8.335
 8.365
 8.36
 8.385
